Tempo-adjusted total fertility rates by birth order, Bongaarts-Feeney method
Last modified: 11/06/2020
Code Year    adjTFR   adjTFR1   adjTFR2   adjTFR3   adjTFR4  adjTFR5p
AUT  1985     1.735     0.793     0.589     0.233     0.079     0.042
AUT  1986     1.705     0.787     0.573     0.222     0.081     0.042
AUT  1987     1.647     0.783     0.544     0.212     0.070     0.037
AUT  1988     1.600     0.751     0.542     0.209     0.067     0.030
AUT  1989     1.664     0.761     0.579     0.226     0.066     0.033
AUT  1990     1.614     0.721     0.586     0.213     0.062     0.033
AUT  1991     1.578     0.733     0.549     0.198     0.070     0.029
AUT  1992     1.600     0.775     0.520     0.213     0.063     0.028
AUT  1993     1.717     0.854     0.573     0.206     0.057     0.027
AUT  1994     1.801     0.908     0.608     0.196     0.062     0.027
AUT  1995     1.739     0.877     0.579     0.198     0.061     0.024
AUT  1996     1.731     0.808     0.620     0.215     0.062     0.025
AUT  1997     1.585     0.750     0.571     0.188     0.050     0.027
AUT  1998     1.563     0.765     0.567     0.164     0.045     0.021
AUT  1999     1.519     0.727     0.545     0.179     0.049     0.019
AUT  2000     1.583     0.737     0.583     0.197     0.048     0.018
AUT  2001     1.606     0.785     0.577     0.180     0.047     0.017
AUT  2002     1.681     0.828     0.570     0.206     0.057     0.020
AUT  2003     1.587     0.768     0.550     0.192     0.053     0.024
AUT  2004     1.638     0.808     0.581     0.174     0.053     0.022
AUT  2005     1.728     0.860     0.591     0.197     0.054     0.025
AUT  2006     1.687     0.840     0.550     0.215     0.062     0.021
AUT  2007     1.613     0.764     0.559     0.210     0.059     0.022
AUT  2008     1.704     0.803     0.634     0.190     0.050     0.027
AUT  2009     1.710     0.867     0.579     0.189     0.053     0.021
AUT  2010     1.789     0.919     0.592     0.195     0.058     0.025
AUT  2011     1.778     0.891     0.603     0.194     0.060     0.029
AUT  2012     1.712     0.846     0.592     0.199     0.051     0.023
AUT  2013     1.628     0.810     0.581     0.175     0.041     0.022
AUT  2014     1.680     0.856     0.583     0.172     0.046     0.023
AUT  2015     1.648     0.848     0.568     0.163     0.048     0.021
AUT  2016     1.622     0.791     0.574     0.182     0.051     0.024
BLR  1965     2.097     0.834     0.648     0.317     0.172     0.126
BLR  1966     2.129     0.806     0.628     0.385     0.167     0.144
BLR  1967     2.301     0.919     0.726     0.389     0.141     0.126
BLR  1968     2.221     0.890     0.783     0.301     0.130     0.118
BLR  1969     1.998     0.785     0.693     0.297     0.122     0.100
BLR  1970     2.047     0.817     0.721     0.298     0.115     0.096
BLR  1971     2.166     0.923     0.737     0.295     0.115     0.096
BLR  1972     2.206     0.963     0.730     0.298     0.118     0.096
BLR  1973     2.106     0.918     0.708     0.286     0.105     0.089
BLR  1974     2.011     0.897     0.687     0.249     0.096     0.083
BLR  1975     1.969     0.903     0.669     0.225     0.088     0.083
BLR  1976     1.988     0.916     0.693     0.222     0.082     0.075
BLR  1977     1.911     0.903     0.678     0.183     0.072     0.075
BLR  1978     1.898     0.923     0.686     0.164     0.059     0.066
BLR  1979     1.881     0.921     0.691     0.159     0.053     0.057
BLR  1980     1.942     0.989     0.683     0.160     0.050     0.060
BLR  1981     1.987     0.989     0.721     0.168     0.055     0.054
BLR  1982     1.927     0.921     0.754     0.159     0.046     0.046
BLR  1983     2.092     0.943     0.864     0.191     0.049     0.045
BLR  1984     1.974     0.947     0.751     0.191     0.044     0.042
BLR  1985     2.106     1.019     0.798     0.196     0.047     0.046
BLR  1986     2.106     0.975     0.800     0.214     0.061     0.056
BLR  1987     1.921     0.933     0.717     0.179     0.045     0.047
BLR  1988     2.023     1.016     0.755     0.168     0.047     0.037
BLR  1989     1.781     0.911     0.673     0.131     0.038     0.028
BLR  1990     1.715     0.930     0.605     0.116     0.032     0.032
BLR  1991     1.695     0.982     0.529     0.116     0.032     0.035
BLR  1992     1.706     0.960     0.562     0.123     0.034     0.028
BLR  1993     1.687     0.893     0.612     0.122     0.034     0.026
BLR  1994     1.662     0.901     0.588     0.108     0.034     0.031
BLR  1995     1.556     0.914     0.492     0.098     0.027     0.024
BLR  1996     1.422     0.842     0.445     0.091     0.024     0.020
BLR  1997     1.378     0.783     0.453     0.094     0.027     0.022
BLR  1998     1.505     0.835     0.512     0.111     0.028     0.019
BLR  1999     1.583     0.858     0.556     0.118     0.029     0.022
BLR  2000     1.572     0.843     0.573     0.105     0.028     0.022
BLR  2001     1.521     0.836     0.528     0.109     0.029     0.019
BLR  2002     1.501     0.860     0.489     0.102     0.030     0.019
BLR  2003     1.465     0.837     0.478     0.095     0.033     0.022
BLR  2004     1.500     0.870     0.482     0.105     0.026     0.017
BLR  2005     1.458     0.829     0.479     0.108     0.025     0.016
BLR  2006     1.549     0.852     0.520     0.131     0.030     0.015
BLR  2007     1.675     0.891     0.585     0.144     0.034     0.021
BLR  2008     1.739     0.917     0.609     0.155     0.035     0.024
BLR  2009     1.788     0.996     0.602     0.136     0.034     0.021
BLR  2010     1.684     0.938     0.570     0.128     0.030     0.018
BLR  2011     1.621     0.841     0.589     0.146     0.028     0.016
BLR  2012     1.753     0.888     0.649     0.161     0.036     0.019
BLR  2013     1.860     0.903     0.704     0.186     0.045     0.022
BLR  2014     1.912     0.977     0.689     0.187     0.042     0.018
BLR  2015     1.915     0.968     0.671     0.209     0.046     0.021
BGR  1948     2.604     0.860     0.730     0.406     0.229     0.380
BGR  1949     2.763     0.880     0.816     0.427     0.250     0.390
BGR  1950     2.822     0.944     0.830     0.430     0.247     0.372
BGR  1951     2.173     0.812     0.606     0.324     0.175     0.256
BGR  1952     2.348     0.810     0.690     0.351     0.217     0.281
BGR  1953     2.435     0.848     0.761     0.354     0.203     0.269
BGR  1954     2.266     0.903     0.680     0.297     0.162     0.223
BGR  1955     2.246     0.972     0.651     0.261     0.139     0.223
BGR  1956     2.129     0.941     0.654     0.222     0.125     0.188
BGR  1957     2.098     0.943     0.678     0.199     0.105     0.172
BGR  1958     2.110     0.884     0.724     0.214     0.102     0.186
BGR  1959     2.044     0.916     0.696     0.191     0.098     0.143
BGR  1960     2.233     1.004     0.790     0.218     0.093     0.128
BGR  1961     2.283     0.996     0.834     0.228     0.084     0.141
BGR  1962     2.199     0.962     0.816     0.209     0.087     0.125
BGR  1963     2.137     0.956     0.786     0.197     0.084     0.115
BGR  1964     2.117     1.003     0.752     0.188     0.075     0.100
BGR  1965     2.009     0.935     0.735     0.173     0.076     0.089
BGR  1966     1.956     0.902     0.707     0.173     0.079     0.095
BGR  1967     1.988     0.915     0.691     0.198     0.080     0.104
BGR  1968     2.330     0.964     0.868     0.323     0.081     0.093
BGR  1969     2.304     0.982     0.893     0.289     0.064     0.076
BGR  1970     2.099     0.966     0.764     0.241     0.060     0.068
BGR  1971     2.047     0.983     0.738     0.193     0.074     0.060
BGR  1972     1.976     0.956     0.735     0.167     0.064     0.054
BGR  1973     2.104     0.961     0.825     0.202     0.059     0.056
BGR  1974     2.267     0.962     0.980     0.206     0.064     0.054
BGR  1975     2.103     0.954     0.850     0.180     0.064     0.056
BGR  1976     2.062     0.963     0.799     0.189     0.059     0.052
BGR  1977     2.058     0.995     0.782     0.184     0.055     0.042
BGR  1978     2.022     0.994     0.759     0.169     0.051     0.049
BGR  1979     2.029     0.975     0.757     0.195     0.051     0.051
BGR  1980     2.062     1.040     0.737     0.195     0.048     0.042
BGR  1981     1.967     0.959     0.729     0.182     0.053     0.045
BGR  1982     1.943     0.897     0.769     0.180     0.057     0.041
BGR  1983     2.043     0.941     0.829     0.184     0.051     0.037
BGR  1984     2.011     0.922     0.817     0.177     0.053     0.041
BGR  1985     2.040     0.948     0.802     0.181     0.061     0.047
BGR  1986     2.100     1.015     0.803     0.193     0.048     0.041
BGR  1987     1.959     0.950     0.769     0.162     0.040     0.037
BGR  1988     1.988     0.931     0.810     0.156     0.046     0.044
BGR  1989     1.948     0.936     0.752     0.171     0.050     0.039
BGR  1990     1.724     0.841     0.634     0.165     0.049     0.035
BGR  1991     1.616     0.836     0.547     0.148     0.043     0.043
BGR  1992     1.651     0.925     0.531     0.119     0.039     0.037
BGR  1993     1.634     0.912     0.557     0.093     0.039     0.033
BGR  1994     1.643     0.888     0.575     0.101     0.040     0.038
BGR  1995     1.521     0.822     0.522     0.109     0.035     0.034
BGR  1996     1.602     0.844     0.563     0.119     0.035     0.041
BGR  1997     1.417     0.796     0.480     0.081     0.031     0.030
BGR  1998     1.271     0.753     0.406     0.062     0.025     0.024
BGR  1999     1.626     1.013     0.447     0.096     0.037     0.034
BGR  2000     1.812     1.175     0.462     0.092     0.045     0.037
BGR  2001     1.452     0.888     0.419     0.078     0.031     0.036
BGR  2002     1.543     0.911     0.488     0.086     0.026     0.032
BGR  2003     1.577     0.945     0.472     0.097     0.028     0.034
BGR  2004     1.729     0.981     0.577     0.111     0.029     0.032
BGR  2005     1.785     1.066     0.572     0.091     0.028     0.027
BGR  2006     1.696     1.002     0.541     0.092     0.033     0.029
BGR  2007     1.727     0.862     0.685     0.108     0.038     0.034
BGR  2008     1.638     0.907     0.572     0.100     0.027     0.033
CAN  1945     2.874     0.778     0.670     0.465     0.282     0.679
CAN  1946     3.076     0.912     0.707     0.482     0.307     0.668
CAN  1947     3.123     0.999     0.699     0.484     0.313     0.628
CAN  1948     2.981     0.887     0.718     0.470     0.302     0.604
CAN  1949     3.117     0.861     0.839     0.502     0.316     0.599
CAN  1950     3.167     0.846     0.813     0.557     0.328     0.623
CAN  1951     3.214     0.878     0.791     0.583     0.340     0.622
CAN  1952     3.347     0.954     0.780     0.607     0.378     0.627
CAN  1953     3.442     0.974     0.785     0.597     0.405     0.680
CAN  1954     3.546     1.003     0.808     0.599     0.405     0.731
CAN  1955     3.490     0.990     0.811     0.592     0.396     0.701
CAN  1956     3.488     0.940     0.838     0.605     0.396     0.710
CAN  1957     3.599     0.989     0.846     0.644     0.407     0.712
CAN  1958     3.540     0.993     0.810     0.616     0.417     0.704
CAN  1959     3.610     0.977     0.844     0.620     0.427     0.742
CAN  1960     3.607     0.956     0.857     0.643     0.417     0.734
CAN  1961     3.588     0.940     0.859     0.645     0.423     0.720
CAN  1962     3.647     0.921     0.880     0.657     0.443     0.747
CAN  1963     3.986     0.931     0.919     0.755     0.523     0.857
CAN  1964     4.103     0.916     0.951     0.816     0.552     0.868
CAN  1965     3.652     0.860     0.843     0.714     0.484     0.752
CAN  1966     3.115     0.879     0.720     0.548     0.381     0.588
CAN  1967     2.782     0.900     0.678     0.460     0.290     0.454
CAN  1968     2.652     0.916     0.704     0.433     0.249     0.350
CAN  1969     2.554     0.897     0.698     0.400     0.240     0.319
CAN  1970     2.436     0.907     0.687     0.371     0.191     0.279
CAN  1971     2.362     0.917     0.685     0.357     0.167     0.236
CAN  1972     2.211     0.868     0.674     0.320     0.159     0.190
CAN  1973     2.099     0.873     0.687     0.287     0.122     0.130
CAN  1974     1.935     0.825     0.660     0.261     0.096     0.095
CAN  1975     1.903     0.800     0.656     0.268     0.098     0.080
CAN  1976     2.021     0.848     0.718     0.292     0.097     0.066
CAN  1977     1.999     0.900     0.690     0.279     0.078     0.052
CAN  1978     1.901     0.859     0.667     0.256     0.074     0.046
CAN  1979     1.878     0.811     0.673     0.273     0.080     0.041
CAN  1980     1.873     0.827     0.664     0.270     0.074     0.038
CAN  1981     1.799     0.800     0.635     0.256     0.070     0.037
CAN  1982     1.800     0.827     0.613     0.254     0.073     0.033
CAN  1983     1.863     0.865     0.638     0.259     0.069     0.032
CAN  1984     1.819     0.807     0.648     0.258     0.074     0.032
CAN  1985     1.776     0.762     0.649     0.257     0.077     0.031
CAN  1986     1.765     0.763     0.644     0.257     0.068     0.033
CAN  1987     1.759     0.774     0.633     0.250     0.069     0.034
CAN  1988     1.716     0.756     0.604     0.253     0.072     0.031
CAN  1989     1.749     0.787     0.604     0.254     0.073     0.031
CAN  1990     1.793     0.814     0.620     0.252     0.072     0.035
CAN  1991     1.813     0.839     0.616     0.251     0.071     0.035
CAN  1992     1.893     0.882     0.650     0.247     0.079     0.035
CAN  1993     1.829     0.830     0.645     0.243     0.076     0.035
CAN  1994     1.838     0.826     0.654     0.249     0.070     0.038
CAN  1995     1.930     0.885     0.679     0.251     0.075     0.041
CAN  1996     1.937     0.899     0.677     0.246     0.075     0.039
CAN  1997     1.744     0.789     0.613     0.235     0.070     0.037
CAN  1998     1.743     0.785     0.629     0.224     0.068     0.037
CAN  1999     1.820     0.846     0.640     0.229     0.066     0.039
CAN  2000     1.817     0.838     0.639     0.232     0.071     0.037
CAN  2001     1.858     0.836     0.684     0.231     0.069     0.038
CAN  2002     1.820     0.873     0.615     0.225     0.066     0.040
CAN  2003     1.859     0.891     0.631     0.225     0.069     0.043
CAN  2004     1.762     0.787     0.646     0.219     0.071     0.040
CAN  2005     1.706     0.750     0.628     0.221     0.066     0.041
CAN  2006     1.725     0.753     0.624     0.232     0.072     0.044
CAN  2007     1.747     0.760     0.614     0.251     0.077     0.045
CAN  2008     1.802     0.792     0.635     0.248     0.077     0.050
CAN  2009     1.879     0.851     0.638     0.249     0.088     0.052
CAN  2010     1.883     0.862     0.629     0.250     0.088     0.055
CAN  2011     1.859     0.839     0.642     0.246     0.079     0.053
CAN  2012     1.856     0.838     0.649     0.244     0.076     0.049
CAN  2013     1.792     0.811     0.629     0.230     0.076     0.047
CAN  2014     1.798     0.822     0.613     0.233     0.078     0.052
CAN  2015     1.758     0.788     0.604     0.233     0.081     0.052
CHL  1993     2.319     0.854     0.755     0.439     0.166     0.105
CHL  1994     2.244     0.811     0.728     0.410     0.180     0.116
CHL  1995     2.436     0.891     0.782     0.438     0.206     0.119
CHL  1996     2.396     0.951     0.747     0.425     0.174     0.098
CHL  1997     2.282     0.927     0.709     0.396     0.151     0.098
CHL  1998     2.350     0.960     0.735     0.398     0.163     0.094
CHL  1999     2.363     0.960     0.754     0.409     0.162     0.078
CHL  2000     2.307     0.912     0.759     0.403     0.155     0.078
CHL  2001     2.285     0.924     0.745     0.386     0.145     0.085
CHL  2002     2.318     1.018     0.713     0.362     0.150     0.076
CHL  2003     2.336     0.991     0.752     0.381     0.140     0.072
CHL  2004     2.067     0.839     0.699     0.351     0.116     0.062
HRV  2003     1.708     0.855     0.590     0.166     0.060     0.038
HRV  2004     1.692     0.839     0.584     0.175     0.052     0.042
HRV  2005     1.794     0.827     0.637     0.230     0.058     0.043
HRV  2006     1.769     0.815     0.642     0.219     0.056     0.038
HRV  2007     1.730     0.858     0.582     0.198     0.057     0.036
HRV  2008     1.872     0.949     0.619     0.211     0.063     0.030
HRV  2009     2.040     1.038     0.697     0.222     0.056     0.026
HRV  2010     1.912     0.970     0.659     0.192     0.054     0.036
HRV  2011     1.724     0.848     0.584     0.197     0.056     0.039
HRV  2012     1.798     0.867     0.637     0.208     0.052     0.034
HRV  2013     1.735     0.837     0.619     0.196     0.050     0.033
HRV  2014     1.661     0.811     0.569     0.202     0.047     0.032
HRV  2015     1.644     0.777     0.587     0.205     0.043     0.032
HRV  2016     1.739     0.769     0.650     0.219     0.055     0.046
CZE  1951     2.484     0.960     0.723     0.395     0.189     0.217
CZE  1952     2.555     0.980     0.752     0.402     0.205     0.215
CZE  1953     2.438     0.888     0.733     0.411     0.198     0.208
CZE  1954     2.403     0.874     0.768     0.371     0.182     0.207
CZE  1955     2.352     0.868     0.748     0.358     0.183     0.196
CZE  1956     2.274     0.875     0.693     0.355     0.175     0.175
CZE  1957     2.239     0.936     0.666     0.308     0.156     0.172
CZE  1958     2.097     0.917     0.663     0.276     0.110     0.131
CZE  1959     1.994     0.888     0.686     0.249     0.083     0.088
CZE  1960     2.118     0.952     0.722     0.263     0.090     0.092
CZE  1961     2.078     0.940     0.714     0.248     0.089     0.087
CZE  1962     2.100     0.906     0.757     0.275     0.085     0.077
CZE  1963     2.462     0.977     0.911     0.380     0.103     0.091
CZE  1964     2.419     0.971     0.838     0.386     0.127     0.097
CZE  1965     2.087     0.864     0.726     0.299     0.105     0.092
CZE  1966     1.899     0.815     0.678     0.241     0.084     0.081
CZE  1967     1.890     0.874     0.644     0.222     0.074     0.076
CZE  1968     1.860     0.873     0.618     0.215     0.080     0.073
CZE  1969     1.897     0.873     0.649     0.220     0.082     0.073
CZE  1970     2.077     0.973     0.747     0.233     0.060     0.065
CZE  1971     2.072     1.003     0.732     0.223     0.061     0.053
CZE  1972     2.032     0.952     0.753     0.208     0.069     0.050
CZE  1973     2.250     0.945     0.925     0.258     0.070     0.053
CZE  1974     2.310     0.955     0.935     0.302     0.072     0.045
CZE  1975     2.266     0.963     0.895     0.302     0.069     0.037
CZE  1976     2.243     0.987     0.837     0.306     0.072     0.040
CZE  1977     2.199     0.970     0.825     0.296     0.070     0.039
CZE  1978     2.207     0.967     0.844     0.302     0.064     0.029
CZE  1979     2.138     0.947     0.813     0.285     0.063     0.030
CZE  1980     2.054     0.926     0.778     0.255     0.060     0.035
CZE  1981     2.006     0.896     0.769     0.251     0.059     0.032
CZE  1982     1.973     0.870     0.770     0.242     0.064     0.027
CZE  1983     1.978     0.887     0.759     0.251     0.058     0.024
CZE  1984     2.034     0.943     0.768     0.246     0.053     0.025
CZE  1985     2.098     0.964     0.800     0.249     0.058     0.027
CZE  1986     2.076     0.956     0.777     0.256     0.059     0.027
CZE  1987     2.012     0.928     0.763     0.241     0.056     0.023
CZE  1988     2.052     0.937     0.785     0.249     0.057     0.024
CZE  1989     1.952     0.908     0.729     0.233     0.057     0.026
CZE  1990     1.926     0.877     0.742     0.227     0.056     0.024
CZE  1991     1.926     0.927     0.726     0.196     0.053     0.023
CZE  1992     1.867     0.904     0.707     0.186     0.049     0.021
CZE  1993     2.036     0.961     0.774     0.225     0.050     0.025
CZE  1994     2.078     1.000     0.758     0.241     0.053     0.026
CZE  1995     1.968     0.897     0.776     0.215     0.056     0.024
CZE  1996     1.782     0.813     0.718     0.172     0.055     0.025
CZE  1997     1.708     0.800     0.662     0.168     0.051     0.027
CZE  1998     1.629     0.737     0.650     0.168     0.041     0.034
CZE  1999     1.644     0.754     0.661     0.165     0.039     0.025
CZE  2000     1.777     0.856     0.662     0.190     0.046     0.021
CZE  2001     1.699     0.806     0.626     0.197     0.046     0.024
CZE  2002     1.632     0.784     0.617     0.164     0.041     0.026
CZE  2003     1.697     0.861     0.630     0.147     0.036     0.024
CZE  2004     1.773     0.918     0.628     0.165     0.039     0.023
CZE  2005     1.801     0.920     0.652     0.168     0.042     0.019
CZE  2006     1.752     0.893     0.631     0.168     0.039     0.020
CZE  2007     1.833     0.858     0.709     0.192     0.048     0.026
CZE  2008     1.811     0.870     0.700     0.181     0.038     0.023
CZE  2009     1.718     0.868     0.652     0.149     0.031     0.018
CZE  2010     1.779     0.885     0.678     0.162     0.036     0.018
CZE  2011     1.636     0.823     0.611     0.146     0.038     0.018
CZE  2012     1.619     0.846     0.590     0.128     0.034     0.021
CZE  2013     1.587     0.817     0.574     0.141     0.035     0.020
CZE  2014     1.641     0.815     0.596     0.172     0.035     0.024
CZE  2015     1.651     0.818     0.609     0.165     0.034     0.026
CZE  2016     1.674     0.835     0.621     0.160     0.039     0.019
CZE  2017     1.775     0.927     0.613     0.168     0.046     0.020
DNK  1969     2.200     0.979     0.713     0.306     0.123     0.079
DNK  1970     2.223     1.056     0.703     0.311     0.097     0.056
DNK  1971     2.107     0.891     0.737     0.333     0.098     0.047
DNK  1972     2.129     0.821     0.799     0.335     0.115     0.059
DNK  1973     2.058     0.815     0.789     0.309     0.099     0.047
DNK  1974     1.878     0.793     0.685     0.279     0.080     0.041
DNK  1975     1.999     0.871     0.703     0.291     0.086     0.047
DNK  1976     1.887     0.835     0.680     0.265     0.075     0.033
DNK  1977     1.818     0.846     0.632     0.241     0.068     0.031
DNK  1978     1.966     0.913     0.718     0.242     0.065     0.028
DNK  1979     1.840     0.860     0.701     0.210     0.049     0.020
DNK  1980     1.758     0.857     0.623     0.214     0.045     0.019
DNK  1981     1.701     0.801     0.632     0.204     0.047     0.016
DNK  1982     1.780     0.815     0.702     0.193     0.054     0.016
DNK  1983     1.735     0.809     0.654     0.211     0.045     0.015
DNK  1984     1.747     0.807     0.661     0.218     0.046     0.016
DNK  1985     1.740     0.783     0.669     0.221     0.050     0.017
DNK  1986     1.748     0.823     0.644     0.221     0.046     0.014
DNK  1987     1.781     0.858     0.653     0.203     0.051     0.016
DNK  1988     1.810     0.829     0.688     0.229     0.047     0.016
DNK  1989     1.801     0.817     0.674     0.233     0.055     0.022
DNK  1990     1.925     0.922     0.672     0.254     0.056     0.020
DNK  1991     1.946     0.934     0.694     0.250     0.051     0.017
DNK  1992     1.989     0.898     0.747     0.256     0.068     0.020
DNK  1993     2.034     0.903     0.766     0.267     0.076     0.023
DNK  1994     2.061     0.904     0.794     0.275     0.068     0.020
DNK  1995     2.004     0.884     0.751     0.282     0.061     0.026
DNK  1996     1.944     0.873     0.701     0.280     0.066     0.024
DNK  1997     1.974     0.830     0.752     0.287     0.078     0.027
DNK  1998     1.926     0.801     0.743     0.285     0.069     0.028
DNK  1999     1.924     0.850     0.705     0.268     0.071     0.030
DNK  2000     1.905     0.850     0.697     0.259     0.067     0.032
DNK  2001     1.963     0.895     0.708     0.259     0.071     0.030
DNK  2002     2.071     0.946     0.734     0.273     0.081     0.038
DNK  2003     1.999     0.907     0.718     0.274     0.063     0.037
DNK  2004     1.949     0.852     0.728     0.279     0.061     0.029
DNK  2005     1.959     0.832     0.753     0.273     0.072     0.029
DNK  2006     2.067     0.880     0.782     0.287     0.089     0.029
DNK  2007     1.980     0.831     0.743     0.305     0.068     0.033
DNK  2008     2.000     0.900     0.714     0.293     0.064     0.030
DNK  2009     2.042     0.956     0.713     0.272     0.076     0.025
DNK  2010     2.085     0.957     0.734     0.291     0.069     0.034
DNK  2011     1.892     0.851     0.712     0.248     0.059     0.023
DNK  2012     1.866     0.840     0.714     0.239     0.052     0.021
DNK  2013     1.848     0.851     0.686     0.240     0.050     0.022
DNK  2014     1.808     0.822     0.676     0.229     0.058     0.023
DNK  2015     1.803     0.825     0.685     0.220     0.053     0.021
EST  1960     1.788     0.868     0.590     0.193     0.064     0.073
EST  1961     1.765     0.873     0.590     0.177     0.054     0.072
EST  1962     1.858     0.914     0.643     0.189     0.053     0.059
EST  1963     1.846     0.991     0.567     0.167     0.075     0.047
EST  1964     1.822     0.943     0.569     0.172     0.085     0.054
EST  1965     1.836     0.894     0.646     0.183     0.065     0.048
EST  1966     1.798     0.876     0.640     0.186     0.048     0.048
EST  1967     1.678     0.850     0.553     0.170     0.058     0.046
EST  1968     1.810     0.896     0.648     0.173     0.053     0.040
EST  1969     1.899     0.935     0.673     0.178     0.060     0.053
EST  1970     1.932     0.954     0.675     0.193     0.056     0.053
EST  1971     2.044     0.976     0.736     0.231     0.052     0.049
EST  1972     2.078     1.018     0.710     0.215     0.075     0.060
EST  1973     1.925     0.956     0.657     0.188     0.066     0.058
EST  1974     1.832     0.906     0.649     0.180     0.047     0.050
EST  1975     1.854     0.919     0.650     0.183     0.049     0.052
EST  1976     1.895     0.914     0.672     0.200     0.065     0.043
EST  1977     1.849     0.907     0.634     0.197     0.060     0.051
EST  1978     1.801     0.903     0.621     0.177     0.052     0.048
EST  1979     1.795     0.915     0.614     0.167     0.054     0.046
EST  1980     1.926     0.984     0.648     0.179     0.066     0.048
EST  1981     2.195     1.114     0.741     0.233     0.049     0.058
EST  1982     2.182     1.069     0.757     0.238     0.061     0.057
EST  1983     2.150     0.983     0.859     0.197     0.066     0.044
EST  1984     2.049     0.954     0.782     0.208     0.051     0.053
EST  1985     2.099     0.948     0.756     0.271     0.065     0.059
EST  1986     2.215     0.991     0.799     0.248     0.121     0.054
EST  1987     2.208     1.014     0.804     0.253     0.074     0.063
EST  1988     1.980     0.868     0.716     0.263     0.065     0.068
EST  1989     1.919     0.814     0.666     0.291     0.098     0.049
EST  1990     1.871     0.888     0.597     0.268     0.068     0.051
EST  1991     1.746     0.906     0.514     0.206     0.056     0.064
EST  1992     1.728     0.920     0.515     0.166     0.071     0.055
EST  1993     1.509     0.770     0.496     0.140     0.057     0.046
EST  1994     1.611     0.798     0.496     0.218     0.058     0.040
EST  1995     1.765     0.821     0.603     0.238     0.066     0.037
EST  1996     1.946     0.857     0.701     0.243     0.084     0.061
EST  1997     1.787     0.845     0.627     0.198     0.055     0.062
EST  1998     1.550     0.789     0.470     0.179     0.056     0.055
EST  1999     1.735     0.778     0.617     0.214     0.083     0.043
EST  2000     1.855     0.816     0.645     0.281     0.070     0.043
EST  2001     1.809     0.895     0.545     0.254     0.064     0.051
EST  2002     1.914     0.888     0.711     0.194     0.078     0.042
EST  2003     1.693     0.799     0.595     0.187     0.072     0.040
EST  2004     1.913     0.908     0.623     0.277     0.067     0.038
EST  2005     1.982     0.908     0.674     0.275     0.068     0.057
EST  2006     1.869     0.867     0.633     0.252     0.066     0.051
EST  2007     2.084     1.028     0.689     0.259     0.068     0.040
EST  2008     2.251     1.225     0.675     0.227     0.083     0.041
EST  2009     2.041     1.089     0.626     0.233     0.059     0.034
EST  2010     1.985     0.902     0.728     0.239     0.071     0.045
EST  2011     1.888     0.744     0.769     0.249     0.075     0.050
EST  2012     1.705     0.667     0.675     0.265     0.060     0.038
EST  2013     1.647     0.677     0.590     0.295     0.050     0.035
EST  2014     2.003     1.016     0.637     0.248     0.071     0.031
EST  2015     2.292     1.226     0.711     0.233     0.094     0.028
EST  2016     1.984     0.922     0.678     0.280     0.066     0.037
FIN  1983     1.976     0.821     0.732     0.302     0.082     0.040
FIN  1984     1.930     0.808     0.674     0.326     0.072     0.050
FIN  1985     1.874     0.799     0.671     0.285     0.069     0.050
FIN  1986     1.849     0.782     0.684     0.262     0.082     0.040
FIN  1987     1.782     0.767     0.627     0.263     0.078     0.047
FIN  1988     1.764     0.753     0.619     0.268     0.072     0.052
FIN  1989     1.806     0.730     0.643     0.297     0.088     0.049
FIN  1990     1.884     0.766     0.638     0.328     0.098     0.055
FIN  1991     1.853     0.823     0.591     0.301     0.082     0.057
FIN  1992     1.956     0.872     0.634     0.293     0.094     0.062
FIN  1993     1.945     0.873     0.659     0.277     0.085     0.051
FIN  1994     2.104     0.887     0.711     0.332     0.109     0.066
FIN  1995     2.093     0.848     0.712     0.325     0.125     0.084
FIN  1996     1.952     0.790     0.678     0.313     0.107     0.065
FIN  1997     1.940     0.794     0.682     0.310     0.091     0.064
FIN  1998     1.813     0.699     0.655     0.302     0.085     0.072
FIN  1999     1.790     0.704     0.623     0.302     0.098     0.064
FIN  2000     1.799     0.750     0.593     0.281     0.109     0.067
FIN  2001     1.851     0.783     0.602     0.291     0.100     0.074
FIN  2002     1.929     0.850     0.639     0.282     0.086     0.073
FIN  2003     1.929     0.844     0.645     0.274     0.091     0.076
FIN  2004     1.880     0.798     0.636     0.275     0.091     0.079
FIN  2005     1.916     0.835     0.641     0.267     0.098     0.074
FIN  2006     1.945     0.854     0.622     0.285     0.100     0.083
FIN  2007     1.935     0.839     0.633     0.277     0.090     0.096
FIN  2008     1.939     0.818     0.672     0.264     0.090     0.095
FIN  2009     1.950     0.834     0.658     0.274     0.091     0.093
FIN  2010     2.021     0.890     0.652     0.283     0.103     0.094
FIN  2011     1.984     0.820     0.668     0.292     0.104     0.100
FIN  2012     1.947     0.780     0.686     0.295     0.092     0.094
FIN  2013     1.846     0.753     0.646     0.266     0.087     0.093
FIN  2014     1.869     0.800     0.616     0.274     0.087     0.092
FIN  2015     1.957     0.852     0.648     0.271     0.089     0.097
FIN  2016     1.809     0.774     0.591     0.244     0.113     0.087
FIN  2017     1.640     0.691     0.566     0.231     0.079     0.073
DEUTNP  2010     1.675     0.824     0.580     0.190     0.054     0.027
DEUTNP  2011     1.597     0.793     0.548     0.178     0.051     0.028
DEUTNP  2012     1.594     0.807     0.542     0.170     0.049     0.026
DEUTNP  2013     1.631     0.840     0.549     0.169     0.048     0.025
DEUTNP  2014     1.598     0.829     0.527     0.168     0.048     0.027
DEUTNP  2015     1.485     0.752     0.505     0.157     0.045     0.025
DEUTNP  2016     1.647     0.825     0.557     0.178     0.055     0.032
DEUTW  2010     1.671     0.813     0.581     0.197     0.055     0.026
DEUTW  2011     1.584     0.777     0.548     0.180     0.052     0.027
DEUTW  2012     1.590     0.796     0.545     0.174     0.050     0.026
DEUTW  2013     1.624     0.826     0.552     0.174     0.047     0.024
DEUTW  2014     1.585     0.812     0.527     0.171     0.048     0.026
DEUTW  2015     1.484     0.745     0.508     0.160     0.047     0.024
DEUTW  2016     1.644     0.813     0.561     0.184     0.055     0.030
DEUTE  1957     2.049     0.796     0.616     0.336     0.161     0.140
DEUTE  1958     1.989     0.721     0.606     0.338     0.172     0.152
DEUTE  1959     2.106     0.754     0.608     0.370     0.187     0.187
DEUTE  1960     2.150     0.808     0.576     0.369     0.190     0.206
DEUTE  1961     2.232     0.876     0.565     0.364     0.197     0.229
DEUTE  1962     2.319     0.922     0.603     0.359     0.196     0.240
DEUTE  1963     2.420     0.948     0.654     0.363     0.202     0.252
DEUTE  1964     2.380     0.957     0.633     0.335     0.189     0.267
DEUTE  1965     2.362     0.984     0.643     0.316     0.178     0.241
DEUTE  1966     2.342     0.965     0.675     0.329     0.172     0.201
DEUTE  1967     2.280     0.952     0.655     0.322     0.161     0.189
DEUTE  1968     2.279     0.911     0.681     0.334     0.171     0.182
DEUTE  1969     2.316     0.901     0.712     0.365     0.180     0.159
DEUTE  1970     2.273     0.916     0.703     0.361     0.154     0.139
DEUTE  1971     2.271     0.930     0.722     0.334     0.140     0.144
DEUTE  1972     1.887     0.915     0.605     0.199     0.078     0.090
DEUTE  1973     1.616     0.888     0.506     0.122     0.041     0.060
DEUTE  1974     1.570     0.882     0.480     0.116     0.039     0.053
DEUTE  1975     1.559     0.900     0.490     0.098     0.035     0.036
DEUTE  1976     1.669     0.923     0.568     0.110     0.037     0.031
DEUTE  1977     1.830     0.920     0.708     0.130     0.042     0.030
DEUTE  1978     1.811     0.923     0.685     0.138     0.038     0.027
DEUTE  1979     1.773     0.922     0.643     0.146     0.037     0.024
DEUTE  1980     1.841     0.966     0.657     0.155     0.041     0.021
DEUTE  1981     1.854     0.955     0.677     0.159     0.041     0.022
DEUTE  1982     1.880     0.942     0.701     0.170     0.044     0.023
DEUTE  1983     1.803     0.892     0.671     0.172     0.045     0.024
DEUTE  1984     1.744     0.862     0.649     0.166     0.043     0.023
DEUTE  1985     1.812     0.873     0.662     0.202     0.049     0.026
DEUTE  1986     1.899     0.908     0.685     0.220     0.058     0.028
DEUTE  1987     1.926     0.905     0.704     0.229     0.059     0.029
DEUTE  1988     1.805     0.861     0.663     0.203     0.051     0.028
DEUTE  2010     1.612     0.806     0.573     0.160     0.046     0.027
DEUTE  2011     1.602     0.812     0.552     0.166     0.041     0.030
DEUTE  2012     1.599     0.840     0.526     0.161     0.042     0.030
DEUTE  2013     1.671     0.893     0.554     0.146     0.050     0.028
DEUTE  2014     1.685     0.915     0.543     0.153     0.045     0.030
DEUTE  2015     1.525     0.809     0.497     0.149     0.042     0.029
DEUTE  2016     1.725     0.920     0.556     0.156     0.055     0.038
HUN  1953     2.833     0.974     0.864     0.493     0.227     0.275
HUN  1954     2.707     0.877     0.845     0.446     0.238     0.301
HUN  1955     2.435     0.897     0.712     0.364     0.197     0.266
HUN  1956     2.153     0.858     0.613     0.303     0.158     0.220
HUN  1957     2.008     0.861     0.592     0.243     0.116     0.196
HUN  1958     2.024     0.919     0.616     0.223     0.104     0.163
HUN  1959     1.910     0.879     0.572     0.215     0.102     0.141
HUN  1960     1.920     0.870     0.573     0.242     0.093     0.142
HUN  1961     1.954     0.901     0.582     0.235     0.098     0.139
HUN  1962     1.936     0.889     0.589     0.231     0.108     0.118
HUN  1963     2.005     0.840     0.683     0.255     0.100     0.127
HUN  1964     1.859     0.830     0.602     0.218     0.096     0.114
HUN  1965     1.832     0.854     0.558     0.207     0.098     0.115
HUN  1966     1.933     0.897     0.604     0.208     0.090     0.135
HUN  1967     2.028     0.946     0.673     0.198     0.089     0.122
HUN  1968     2.070     0.956     0.705     0.198     0.087     0.125
HUN  1969     2.003     0.966     0.661     0.190     0.071     0.115
HUN  1970     1.874     0.911     0.633     0.167     0.068     0.096
HUN  1971     1.830     0.877     0.627     0.161     0.062     0.103
HUN  1972     1.880     0.895     0.651     0.172     0.060     0.102
HUN  1973     1.898     0.882     0.651     0.202     0.069     0.094
HUN  1974     2.201     0.891     0.875     0.269     0.081     0.085
HUN  1975     2.191     0.882     0.901     0.251     0.078     0.080
HUN  1976     2.076     0.948     0.760     0.225     0.069     0.074
HUN  1977     2.026     0.976     0.713     0.218     0.058     0.062
HUN  1978     1.920     0.955     0.691     0.179     0.046     0.049
HUN  1979     1.926     0.960     0.695     0.179     0.044     0.049
HUN  1980     1.958     0.971     0.709     0.185     0.047     0.046
HUN  1981     1.988     0.948     0.741     0.203     0.055     0.042
HUN  1982     1.936     0.917     0.736     0.194     0.050     0.038
HUN  1983     1.898     0.913     0.714     0.182     0.052     0.036
HUN  1984     1.909     0.931     0.691     0.198     0.055     0.034
HUN  1985     2.104     0.956     0.786     0.250     0.068     0.043
HUN  1986     2.114     0.920     0.811     0.250     0.082     0.051
HUN  1987     2.003     0.931     0.720     0.236     0.071     0.045
HUN  1988     1.949     0.905     0.699     0.230     0.064     0.052
HUN  1989     1.905     0.821     0.721     0.246     0.070     0.048
HUN  1990     1.989     0.856     0.729     0.278     0.077     0.048
HUN  1991     2.029     0.926     0.700     0.272     0.078     0.054
HUN  1992     1.928     0.863     0.696     0.240     0.075     0.055
HUN  1993     1.901     0.811     0.698     0.253     0.082     0.057
HUN  1994     1.886     0.837     0.626     0.273     0.087     0.063
HUN  1995     1.891     0.853     0.637     0.258     0.075     0.069
HUN  1996     1.752     0.802     0.595     0.217     0.069     0.069
HUN  1997     1.695     0.779     0.578     0.198     0.074     0.065
HUN  1998     1.748     0.836     0.568     0.208     0.079     0.057
HUN  1999     1.704     0.794     0.541     0.236     0.075     0.058
HUN  2000     1.763     0.760     0.612     0.254     0.073     0.065
HUN  2001     1.756     0.763     0.599     0.251     0.075     0.068
HUN  2002     1.716     0.834     0.530     0.223     0.071     0.059
HUN  2003     1.758     0.867     0.550     0.212     0.071     0.058
HUN  2004     1.803     0.920     0.539     0.221     0.069     0.054
HUN  2005     1.707     0.887     0.507     0.203     0.061     0.050
HUN  2006     1.701     0.813     0.587     0.182     0.067     0.051
HUN  2007     1.552     0.727     0.539     0.178     0.060     0.048
HUN  2008     1.574     0.739     0.535     0.195     0.056     0.049
HUN  2009     1.715     0.826     0.589     0.192     0.056     0.051
HUN  2010     1.526     0.752     0.503     0.170     0.056     0.045
HUN  2011     1.313     0.617     0.431     0.173     0.053     0.039
HUN  2012     1.337     0.609     0.434     0.189     0.058     0.047
HUN  2013     1.383     0.637     0.441     0.200     0.060     0.045
HUN  2014     1.557     0.753     0.497     0.200     0.061     0.045
HUN  2015     1.520     0.753     0.474     0.183     0.058     0.051
HUN  2016     1.563     0.803     0.461     0.199     0.052     0.049
ISL  1991     2.920     1.139     0.692     0.642     0.380     0.067
ISL  1992     2.444     1.013     0.646     0.542     0.184     0.060
ISL  1993     2.433     0.908     0.831     0.472     0.144     0.078
ISL  1994     2.484     0.851     0.979     0.455     0.155     0.044
ISL  1995     2.426     0.808     0.847     0.569     0.141     0.060
ISL  1996     2.266     0.803     0.765     0.490     0.160     0.048
ISL  1997     2.182     0.880     0.690     0.374     0.198     0.040
ISL  1998     2.198     0.794     0.780     0.391     0.185     0.048
ISL  1999     2.360     0.910     0.805     0.459     0.124     0.062
ISL  2000     2.713     1.202     0.815     0.508     0.131     0.057
ISL  2001     2.461     1.113     0.676     0.498     0.153     0.022
ISL  2002     2.296     0.897     0.870     0.372     0.124     0.032
ISL  2003     2.289     0.864     0.857     0.410     0.099     0.060
ISL  2004     2.136     0.901     0.671     0.443     0.104     0.017
ISL  2005     2.175     0.906     0.748     0.372     0.115     0.034
ISL  2006     2.308     1.007     0.758     0.415     0.100     0.027
ISL  2007     2.312     0.858     0.886     0.422     0.122     0.024
ISL  2008     2.502     0.893     0.975     0.469     0.115     0.049
ISL  2009     2.415     1.063     0.710     0.524     0.095     0.024
ISL  2010     2.409     1.027     0.697     0.510     0.127     0.048
ISL  2011     2.191     0.844     0.723     0.459     0.143     0.021
ISL  2012     2.400     0.954     0.832     0.482     0.115     0.018
ISL  2013     2.137     0.938     0.666     0.389     0.108     0.037
ISL  2014     1.958     0.789     0.689     0.350     0.080     0.049
ISL  2015     2.090     0.828     0.768     0.350     0.104     0.041
ISL  2016     2.127     0.837     0.792     0.365     0.105     0.029
ISL  2017     2.126     0.946     0.738     0.314     0.115     0.012
ITA  2005     1.457     0.824     0.497     0.116     0.018     0.003
ITA  2006     1.466     0.855     0.491     0.105     0.013     0.002
ITA  2007     1.452     0.810     0.500     0.121     0.017     0.003
ITA  2008     1.534     0.815     0.549     0.138     0.026     0.006
ITA  2009     1.579     0.856     0.567     0.125     0.026     0.006
ITA  2010     1.595     0.864     0.570     0.130     0.026     0.005
ITA  2011     1.542     0.883     0.505     0.126     0.023     0.005
ITA  2012     1.518     0.843     0.507     0.132     0.028     0.008
ITA  2013     1.483     0.766     0.532     0.140     0.033     0.011
ITA  2014     1.485     0.751     0.543     0.142     0.034     0.014
ITA  2015     1.511     0.748     0.559     0.155     0.038     0.011
ITA  2016     1.489     0.744     0.548     0.153     0.035     0.009
JPN  1969     2.061     0.910     0.804     0.281     0.048     0.017
JPN  1970     2.051     0.902     0.803     0.283     0.048     0.016
JPN  1971     2.049     0.880     0.818     0.286     0.047     0.017
JPN  1972     2.036     0.894     0.790     0.290     0.047     0.016
JPN  1973     2.051     0.910     0.775     0.297     0.051     0.018
JPN  1974     2.015     0.928     0.756     0.267     0.046     0.017
JPN  1975     1.939     0.920     0.751     0.220     0.035     0.014
JPN  1976     1.940     0.910     0.768     0.216     0.033     0.014
JPN  1977     1.921     0.871     0.783     0.222     0.033     0.012
JPN  1978     1.896     0.834     0.788     0.232     0.031     0.012
JPN  1979     1.878     0.822     0.769     0.246     0.031     0.010
JPN  1980     1.886     0.842     0.749     0.254     0.032     0.009
JPN  1981     1.885     0.859     0.728     0.256     0.033     0.009
JPN  1982     1.906     0.854     0.737     0.270     0.036     0.009
JPN  1983     1.939     0.867     0.749     0.276     0.038     0.009
JPN  1984     1.971     0.887     0.755     0.279     0.040     0.009
JPN  1985     1.970     0.879     0.758     0.285     0.040     0.009
JPN  1986     1.951     0.865     0.747     0.290     0.039     0.010
JPN  1987     1.935     0.834     0.755     0.296     0.041     0.010
JPN  1988     1.915     0.802     0.757     0.304     0.044     0.009
JPN  1989     1.817     0.769     0.708     0.290     0.041     0.009
JPN  1990     1.746     0.738     0.675     0.281     0.042     0.009
JPN  1991     1.731     0.767     0.644     0.271     0.042     0.009
JPN  1992     1.720     0.790     0.623     0.256     0.042     0.009
JPN  1993     1.671     0.777     0.608     0.238     0.038     0.009
JPN  1994     1.694     0.795     0.619     0.230     0.040     0.010
JPN  1995     1.605     0.754     0.593     0.212     0.038     0.009
JPN  1996     1.593     0.730     0.610     0.209     0.035     0.009
JPN  1997     1.514     0.684     0.585     0.201     0.034     0.010
JPN  1998     1.491     0.680     0.576     0.192     0.033     0.009
JPN  1999     1.426     0.671     0.534     0.181     0.032     0.008
JPN  2000     1.410     0.680     0.513     0.177     0.032     0.008
JPN  2001     1.402     0.697     0.500     0.167     0.030     0.009
JPN  2002     1.458     0.778     0.492     0.152     0.027     0.008
JPN  2003     1.454     0.781     0.498     0.142     0.025     0.008
JPN  2004     1.430     0.745     0.516     0.137     0.024     0.008
JPN  2005     1.377     0.697     0.513     0.136     0.023     0.007
JPN  2006     1.469     0.731     0.553     0.153     0.024     0.007
JPN  2007     1.455     0.729     0.535     0.158     0.025     0.007
JPN  2008     1.486     0.752     0.533     0.165     0.028     0.007
JPN  2009     1.543     0.812     0.529     0.167     0.028     0.008
JPN  2010     1.536     0.793     0.537     0.169     0.030     0.008
JPN  2011     1.586     0.798     0.570     0.177     0.032     0.009
JPN  2012     1.657     0.827     0.602     0.184     0.034     0.010
JPN  2013     1.635     0.796     0.605     0.188     0.035     0.010
JPN  2014     1.614     0.789     0.583     0.195     0.036     0.011
JPN  2015     1.615     0.788     0.574     0.203     0.038     0.011
JPN  2016     1.544     0.738     0.558     0.196     0.039     0.012
JPN  2017     1.515     0.706     0.564     0.191     0.040     0.013
LTU  1971     2.253     1.003     0.770     0.267     0.108     0.105
LTU  1972     2.234     1.013     0.741     0.271     0.107     0.103
LTU  1973     2.058     0.935     0.707     0.232     0.095     0.089
LTU  1974     2.018     0.899     0.726     0.224     0.086     0.083
LTU  1975     2.047     0.899     0.713     0.245     0.101     0.089
LTU  1976     1.980     0.870     0.704     0.232     0.086     0.087
LTU  1977     1.990     0.873     0.721     0.245     0.071     0.080
LTU  1978     1.980     0.920     0.680     0.218     0.082     0.081
LTU  1979     1.828     0.876     0.625     0.189     0.065     0.073
LTU  1980     2.297     1.153     0.767     0.236     0.071     0.070
LTU  1981     2.406     1.188     0.802     0.245     0.097     0.075
LTU  1982     1.920     0.881     0.714     0.188     0.066     0.071
LTU  1983     2.076     0.916     0.803     0.229     0.064     0.064
LTU  1984     1.902     0.868     0.680     0.221     0.072     0.060
LTU  1985     2.030     0.939     0.733     0.217     0.072     0.069
LTU  1986     2.176     0.966     0.790     0.267     0.078     0.076
LTU  1987     1.630     0.781     0.584     0.160     0.062     0.043
LTU  1988     1.451     0.719     0.516     0.134     0.044     0.038
LTU  1989     1.742     0.848     0.621     0.176     0.048     0.048
LTU  1990     1.851     0.887     0.684     0.186     0.056     0.038
LTU  1991     1.811     0.915     0.623     0.184     0.054     0.034
LTU  1992     1.977     0.989     0.668     0.229     0.052     0.038
LTU  1993     1.680     0.863     0.582     0.159     0.042     0.034
LTU  1994     1.561     0.815     0.534     0.133     0.049     0.030
LTU  1995     1.768     0.866     0.609     0.197     0.059     0.038
LTU  1996     1.740     0.847     0.638     0.175     0.043     0.037
LTU  1997     1.795     0.909     0.637     0.161     0.047     0.041
LTU  1998     1.748     0.870     0.600     0.158     0.071     0.049
LTU  1999     1.693     0.814     0.604     0.176     0.060     0.038
LTU  2000     1.682     0.817     0.575     0.193     0.053     0.044
LTU  2001     1.534     0.749     0.536     0.157     0.040     0.052
LTU  2002     1.456     0.683     0.536     0.145     0.052     0.040
LTU  2003     1.707     0.817     0.598     0.195     0.059     0.039
LTU  2004     1.692     0.798     0.620     0.190     0.036     0.048
LTU  2005     1.630     0.741     0.621     0.171     0.060     0.037
LTU  2006     1.806     0.876     0.628     0.175     0.087     0.039
LTU  2007     1.836     0.957     0.599     0.184     0.057     0.039
LTU  2008     2.056     1.123     0.670     0.185     0.038     0.039
LTU  2009     2.185     1.286     0.659     0.152     0.043     0.045
LTU  2010     1.773     0.947     0.587     0.161     0.039     0.039
LTU  2011     1.685     0.782     0.637     0.189     0.049     0.028
LTU  2012     1.891     0.826     0.754     0.212     0.065     0.034
LTU  2013     1.979     0.896     0.780     0.215     0.046     0.042
LTU  2014     1.938     0.914     0.752     0.192     0.044     0.036
LTU  2015     1.960     0.952     0.715     0.216     0.045     0.033
LTU  2016     2.003     0.987     0.698     0.221     0.059     0.039
NLD  1951     2.885     0.734     0.670     0.505     0.322     0.654
NLD  1952     3.017     0.827     0.697     0.515     0.353     0.625
NLD  1953     2.929     0.814     0.679     0.490     0.348     0.599
NLD  1954     2.907     0.829     0.692     0.464     0.319     0.603
NLD  1955     2.889     0.834     0.702     0.482     0.309     0.562
NLD  1956     2.872     0.832     0.717     0.466     0.306     0.551
NLD  1957     2.896     0.865     0.724     0.467     0.306     0.534
NLD  1958     2.943     0.895     0.743     0.490     0.297     0.518
NLD  1959     2.953     0.894     0.769     0.492     0.298     0.500
NLD  1960     2.852     0.841     0.776     0.475     0.287     0.472
NLD  1961     2.924     0.871     0.783     0.509     0.299     0.461
NLD  1962     2.881     0.881     0.767     0.514     0.288     0.430
NLD  1963     2.982     0.909     0.818     0.523     0.306     0.426
NLD  1964     3.065     0.936     0.833     0.544     0.326     0.426
NLD  1965     2.994     0.935     0.825     0.533     0.315     0.386
NLD  1966     2.836     0.935     0.800     0.508     0.275     0.318
NLD  1967     2.666     0.944     0.790     0.441     0.235     0.257
NLD  1968     2.492     0.897     0.791     0.402     0.193     0.210
NLD  1969     2.605     0.879     0.869     0.454     0.198     0.206
NLD  1970     2.503     0.865     0.842     0.424     0.189     0.183
NLD  1971     2.293     0.889     0.749     0.362     0.150     0.143
NLD  1972     2.184     0.920     0.719     0.307     0.130     0.107
NLD  1973     1.960     0.845     0.683     0.247     0.097     0.089
NLD  1974     1.866     0.846     0.695     0.203     0.061     0.060
NLD  1975     1.772     0.842     0.669     0.168     0.049     0.043
NLD  1976     1.740     0.788     0.682     0.173     0.052     0.045
NLD  1977     1.713     0.753     0.688     0.181     0.050     0.041
NLD  1978     1.724     0.765     0.684     0.196     0.043     0.035
NLD  1979     1.701     0.745     0.659     0.210     0.049     0.038
NLD  1980     1.735     0.745     0.654     0.229     0.063     0.043
NLD  1981     1.742     0.758     0.639     0.239     0.063     0.043
NLD  1982     1.731     0.762     0.626     0.242     0.062     0.038
NLD  1983     1.726     0.779     0.614     0.232     0.061     0.041
NLD  1984     1.818     0.841     0.628     0.240     0.066     0.042
NLD  1985     1.911     0.892     0.666     0.240     0.069     0.044
NLD  1986     1.973     0.907     0.705     0.246     0.067     0.049
NLD  1987     1.937     0.854     0.716     0.252     0.068     0.047
NLD  1988     1.867     0.789     0.700     0.256     0.073     0.049
NLD  1989     1.884     0.793     0.694     0.273     0.072     0.051
NLD  1990     1.965     0.857     0.703     0.285     0.073     0.047
NLD  1991     1.962     0.888     0.682     0.273     0.077     0.042
NLD  1992     1.943     0.882     0.677     0.266     0.077     0.042
NLD  1993     1.825     0.804     0.683     0.232     0.067     0.038
NLD  1994     1.799     0.812     0.652     0.230     0.065     0.041
NLD  1995     1.820     0.842     0.641     0.235     0.067     0.034
NLD  1996     1.715     0.774     0.615     0.232     0.063     0.032
NLD  1997     1.709     0.792     0.615     0.214     0.055     0.034
NLD  1998     1.750     0.810     0.630     0.214     0.061     0.035
NLD  1999     1.706     0.759     0.626     0.214     0.079     0.029
NLD  2000     1.775     0.807     0.655     0.226     0.063     0.023
NLD  2001     1.767     0.839     0.637     0.210     0.052     0.029
NLD  2002     1.817     0.882     0.637     0.212     0.057     0.029
NLD  2003     1.882     0.922     0.656     0.223     0.053     0.027
NLD  2004     1.830     0.899     0.646     0.204     0.053     0.028
NLD  2005     1.771     0.861     0.634     0.198     0.052     0.026
NLD  2006     1.786     0.828     0.663     0.216     0.055     0.025
NLD  2007     1.807     0.835     0.668     0.221     0.055     0.027
NLD  2008     1.883     0.876     0.679     0.242     0.060     0.026
NLD  2009     1.901     0.900     0.673     0.246     0.060     0.022
NLD  2010     1.902     0.913     0.679     0.227     0.059     0.025
NLD  2011     1.834     0.866     0.673     0.213     0.056     0.026
NLD  2012     1.813     0.855     0.667     0.217     0.052     0.023
NLD  2013     1.833     0.864     0.665     0.220     0.059     0.024
NLD  2014     1.882     0.894     0.666     0.231     0.063     0.028
NLD  2015     1.817     0.845     0.650     0.234     0.061     0.027
NOR  1968     2.575     0.887     0.724     0.526     0.262     0.176
NOR  1969     2.493     0.826     0.731     0.509     0.240     0.188
NOR  1970     2.403     0.827     0.750     0.454     0.224     0.148
NOR  1971     2.440     0.887     0.756     0.449     0.213     0.135
NOR  1972     2.414     0.917     0.783     0.423     0.182     0.110
NOR  1973     2.339     0.929     0.764     0.374     0.162     0.110
NOR  1974     2.200     0.905     0.754     0.329     0.124     0.089
NOR  1975     2.204     0.902     0.801     0.320     0.121     0.060
NOR  1976     2.163     0.881     0.783     0.335     0.101     0.062
NOR  1977     2.065     0.888     0.738     0.308     0.079     0.052
NOR  1978     1.943     0.846     0.693     0.277     0.085     0.043
NOR  1979     1.901     0.789     0.710     0.286     0.081     0.035
NOR  1980     1.929     0.822     0.711     0.293     0.070     0.033
NOR  1981     1.872     0.808     0.679     0.275     0.077     0.033
NOR  1982     2.009     0.871     0.745     0.281     0.085     0.028
NOR  1983     1.948     0.859     0.695     0.295     0.074     0.026
NOR  1984     1.901     0.819     0.687     0.289     0.076     0.030
NOR  1985     1.934     0.851     0.698     0.285     0.070     0.031
NOR  1986     1.988     0.876     0.720     0.301     0.064     0.028
NOR  1987     2.017     0.856     0.756     0.313     0.071     0.022
NOR  1988     2.090     0.901     0.769     0.332     0.065     0.024
NOR  1989     2.126     0.911     0.739     0.364     0.084     0.028
NOR  1990     2.241     0.968     0.760     0.385     0.100     0.028
NOR  1991     2.192     0.954     0.768     0.353     0.085     0.032
NOR  1992     2.137     0.886     0.763     0.361     0.094     0.033
NOR  1993     2.159     0.914     0.738     0.375     0.101     0.031
NOR  1994     2.137     0.897     0.755     0.353     0.100     0.032
NOR  1995     2.111     0.825     0.810     0.355     0.088     0.033
NOR  1996     2.116     0.868     0.765     0.353     0.093     0.037
NOR  1997     2.115     0.896     0.751     0.341     0.098     0.030
NOR  1998     2.046     0.867     0.739     0.326     0.081     0.034
NOR  1999     2.010     0.842     0.713     0.331     0.082     0.042
NOR  2000     2.061     0.863     0.744     0.336     0.085     0.033
NOR  2001     2.063     0.884     0.739     0.323     0.087     0.030
NOR  2002     2.066     0.935     0.730     0.290     0.076     0.034
NOR  2003     2.084     0.967     0.710     0.306     0.067     0.035
NOR  2004     1.991     0.906     0.690     0.289     0.075     0.031
NOR  2005     1.971     0.842     0.726     0.295     0.081     0.027
NOR  2006     2.041     0.861     0.754     0.319     0.079     0.028
NOR  2007     1.998     0.865     0.719     0.307     0.074     0.033
NOR  2008     2.085     0.936     0.731     0.312     0.070     0.036
NOR  2009     2.179     0.977     0.787     0.304     0.079     0.033
NOR  2010     2.210     1.036     0.781     0.294     0.081     0.018
NOR  2011     2.124     1.008     0.740     0.295     0.061     0.020
NOR  2012     2.125     0.942     0.741     0.296     0.066     0.079
NOR  2013     2.150     0.916     0.766     0.296     0.074     0.098
NOR  2014     2.039     0.908     0.768     0.268     0.063     0.032
NOR  2015     1.963     0.877     0.742     0.254     0.062     0.028
NOR  2016     1.951     0.899     0.715     0.258     0.051     0.027
NOR  2017     1.848     0.873     0.650     0.245     0.055     0.025
POL  1972     2.397     0.907     0.734     0.364     0.181     0.211
POL  1973     2.237     0.866     0.676     0.341     0.164     0.190
POL  1974     2.194     0.844     0.674     0.329     0.159     0.187
POL  1975     2.229     0.873     0.700     0.327     0.155     0.175
POL  1976     2.252     0.901     0.715     0.326     0.149     0.162
POL  1977     2.159     0.882     0.707     0.300     0.134     0.134
POL  1978     2.142     0.884     0.707     0.299     0.128     0.125
POL  1979     2.226     0.914     0.741     0.310     0.131     0.131
POL  1980     2.216     0.915     0.741     0.313     0.126     0.121
POL  1981     2.203     0.880     0.729     0.341     0.132     0.120
POL  1982     2.339     0.935     0.790     0.361     0.133     0.121
POL  1983     2.405     0.957     0.864     0.354     0.127     0.103
POL  1984     2.349     0.953     0.801     0.358     0.138     0.098
POL  1985     2.288     0.927     0.773     0.354     0.139     0.095
POL  1986     2.145     0.855     0.736     0.336     0.123     0.094
POL  1987     2.101     0.840     0.719     0.330     0.119     0.093
POL  1988     2.096     0.838     0.712     0.334     0.123     0.088
POL  1989     2.078     0.827     0.704     0.342     0.122     0.084
POL  1990     2.066     0.847     0.675     0.331     0.125     0.087
POL  1991     2.140     0.904     0.670     0.337     0.135     0.093
POL  1992     2.155     0.886     0.674     0.346     0.151     0.098
POL  1993     2.181     0.828     0.704     0.380     0.161     0.108
POL  1994     2.114     0.795     0.702     0.364     0.145     0.108
POL  1995     1.985     0.757     0.678     0.319     0.130     0.100
POL  1996     1.961     0.767     0.665     0.302     0.127     0.101
POL  1997     1.842     0.752     0.606     0.281     0.112     0.091
POL  1998     1.737     0.744     0.552     0.249     0.100     0.091
POL  1999     1.683     0.755     0.513     0.227     0.099     0.089
POL  2000     1.734     0.794     0.542     0.224     0.092     0.082
POL  2001     1.694     0.779     0.550     0.206     0.084     0.076
POL  2002     1.602     0.756     0.512     0.190     0.075     0.070
POL  2003     1.600     0.791     0.495     0.179     0.069     0.066
POL  2004     1.592     0.776     0.524     0.172     0.064     0.056
POL  2005     1.529     0.730     0.537     0.163     0.053     0.046
POL  2006     1.473     0.708     0.517     0.151     0.051     0.045
POL  2007     1.474     0.704     0.524     0.155     0.052     0.039
POL  2008     1.615     0.804     0.563     0.165     0.049     0.034
POL  2009     1.691     0.892     0.567     0.159     0.041     0.032
POL  2010     1.588     0.831     0.544     0.145     0.040     0.027
POL  2011     1.399     0.704     0.498     0.137     0.037     0.023
POL  2012     1.387     0.680     0.511     0.139     0.035     0.022
POL  2013     1.397     0.710     0.497     0.134     0.036     0.020
POL  2014     1.460     0.757     0.510     0.139     0.035     0.019
POL  2015     1.419     0.752     0.491     0.128     0.032     0.016
PRT  1960     3.037     1.005     0.634     0.427     0.289     0.682
PRT  1961     3.072     0.964     0.644     0.447     0.302     0.715
PRT  1962     3.251     1.039     0.701     0.448     0.293     0.769
PRT  1963     3.168     0.961     0.730     0.449     0.307     0.722
PRT  1964     3.246     0.945     0.765     0.459     0.321     0.756
PRT  1965     3.139     0.932     0.724     0.453     0.306     0.725
PRT  1966     3.131     0.914     0.712     0.470     0.312     0.723
PRT  1967     3.249     0.977     0.744     0.476     0.311     0.741
PRT  1968     3.149     0.980     0.725     0.426     0.309     0.708
PRT  1969     3.136     0.983     0.729     0.427     0.289     0.708
PRT  1970     3.169     0.994     0.770     0.421     0.279     0.706
PRT  1971     3.115     0.990     0.798     0.408     0.256     0.664
PRT  1972     2.872     0.914     0.740     0.392     0.244     0.583
PRT  1973     2.757     0.881     0.697     0.398     0.226     0.555
PRT  1974     2.513     0.847     0.642     0.348     0.191     0.485
PRT  1975     2.395     0.842     0.607     0.321     0.184     0.442
PRT  1976     2.531     1.060     0.631     0.283     0.164     0.394
PRT  1977     2.637     1.205     0.720     0.252     0.140     0.320
PRT  1978     2.408     1.108     0.686     0.247     0.121     0.246
PRT  1979     2.300     0.999     0.758     0.245     0.111     0.187
PRT  1980     2.299     0.955     0.808     0.259     0.113     0.164
PRT  1981     2.177     0.848     0.783     0.279     0.109     0.158
PRT  1982     2.080     0.836     0.722     0.276     0.106     0.139
PRT  1983     1.983     0.862     0.656     0.250     0.102     0.113
PRT  1984     2.080     0.978     0.643     0.248     0.105     0.106
PRT  1985     1.922     0.891     0.610     0.222     0.097     0.101
PRT  1986     1.923     0.878     0.633     0.226     0.094     0.091
PRT  1987     1.996     0.936     0.665     0.230     0.083     0.082
PRT  1988     1.940     0.958     0.632     0.199     0.078     0.073
PRT  1989     1.892     0.975     0.585     0.197     0.070     0.065
PRT  1990     1.920     0.993     0.605     0.200     0.067     0.055
PRT  1991     1.898     0.963     0.623     0.199     0.058     0.056
PRT  1992     1.824     0.931     0.601     0.174     0.065     0.054
PRT  1993     1.800     0.935     0.590     0.156     0.073     0.046
PRT  1994     1.771     0.919     0.592     0.163     0.054     0.043
PRT  1995     1.713     0.876     0.587     0.162     0.047     0.041
PRT  1996     1.664     0.853     0.575     0.153     0.048     0.036
PRT  1997     1.730     0.880     0.608     0.158     0.045     0.039
PRT  1998     1.853     0.964     0.634     0.170     0.052     0.033
PRT  1999     1.820     0.979     0.602     0.162     0.053     0.024
PRT  2000     1.730     0.962     0.568     0.138     0.036     0.026
PRT  2001     1.667     0.915     0.560     0.136     0.034     0.022
PRT  2002     1.780     1.009     0.570     0.145     0.034     0.021
PRT  2003     1.685     0.954     0.539     0.140     0.033     0.019
PRT  2004     1.587     0.865     0.526     0.137     0.041     0.019
PRT  2005     1.661     0.935     0.542     0.124     0.038     0.022
PRT  2006     1.552     0.866     0.524     0.116     0.030     0.016
PRT  2007     1.475     0.828     0.494     0.115     0.029     0.008
PRT  2008     1.594     0.914     0.526     0.117     0.025     0.012
PRT  2009     1.572     0.955     0.476     0.107     0.023     0.011
PRT  2010     1.764     1.046     0.558     0.118     0.031     0.011
PRT  2011     1.706     0.984     0.576     0.111     0.027     0.009
PRT  2012     1.591     0.983     0.462     0.111     0.025     0.011
PRT  2013     1.611     0.993     0.471     0.111     0.024     0.012
PRT  2014     1.597     0.938     0.519     0.107     0.024     0.010
PRT  2015     1.624     0.893     0.571     0.120     0.028     0.011
PRT  2016     1.560     0.797     0.590     0.128     0.031     0.013
PRT  2017     1.531     0.820     0.548     0.125     0.027     0.010
KOR  2001     1.690     0.842     0.688     0.144     0.014     0.002
KOR  2002     1.528     0.772     0.622     0.122     0.010     0.002
KOR  2003     1.608     0.831     0.650     0.114     0.011     0.002
KOR  2004     1.582     0.831     0.622     0.115     0.012     0.002
KOR  2005     1.399     0.733     0.548     0.106     0.010     0.002
KOR  2006     1.404     0.729     0.561     0.102     0.010     0.002
KOR  2007     1.520     0.818     0.576     0.114     0.011     0.002
KOR  2008     1.427     0.782     0.522     0.111     0.010     0.002
KOR  2009     1.418     0.781     0.521     0.104     0.011     0.002
KOR  2010     1.501     0.765     0.597     0.123     0.014     0.002
KOR  2011     1.488     0.782     0.566     0.124     0.014     0.003
KOR  2012     1.600     0.873     0.580     0.131     0.013     0.003
KOR  2013     1.479     0.814     0.530     0.120     0.012     0.003
KOR  2014     1.500     0.842     0.534     0.109     0.012     0.002
KOR  2015     1.520     0.848     0.548     0.108     0.013     0.003
KOR  2016     1.455     0.825     0.513     0.103     0.011     0.002
KOR  2017     1.404     0.806     0.479     0.102     0.015     0.003
RUS  1960     2.290     0.879     0.706     0.321     0.160     0.224
RUS  1961     2.290     0.925     0.683     0.319     0.153     0.210
RUS  1962     2.320     0.956     0.678     0.320     0.155     0.210
RUS  1963     2.244     0.959     0.658     0.293     0.144     0.190
RUS  1964     2.244     0.996     0.669     0.267     0.136     0.176
RUS  1965     2.100     0.911     0.642     0.257     0.124     0.166
RUS  1966     2.056     0.930     0.607     0.250     0.109     0.160
RUS  1967     1.964     0.916     0.574     0.219     0.106     0.150
RUS  1968     1.934     0.848     0.617     0.213     0.106     0.150
RUS  1969     1.922     0.833     0.668     0.198     0.092     0.131
RUS  1970     1.909     0.882     0.629     0.195     0.082     0.121
RUS  1971     1.948     0.909     0.620     0.209     0.088     0.122
RUS  1972     1.937     0.935     0.611     0.191     0.085     0.115
RUS  1973     1.827     0.916     0.565     0.173     0.067     0.106
RUS  1974     1.839     0.936     0.574     0.164     0.066     0.100
RUS  1975     1.794     0.918     0.580     0.148     0.061     0.088
RUS  1976     1.789     0.923     0.592     0.140     0.053     0.081
RUS  1977     1.798     0.908     0.622     0.143     0.051     0.075
RUS  1978     1.761     0.897     0.612     0.139     0.046     0.067
RUS  1979     1.731     0.911     0.584     0.133     0.043     0.060
RUS  1980     1.797     0.956     0.609     0.137     0.042     0.053
RUS  1981     1.854     0.950     0.653     0.155     0.047     0.050
RUS  1982     1.923     0.921     0.717     0.186     0.051     0.049
RUS  1983     2.014     0.920     0.786     0.207     0.053     0.048
RUS  1984     1.953     0.945     0.710     0.197     0.054     0.047
RUS  1985     2.088     0.982     0.761     0.229     0.064     0.051
RUS  1986     2.271     0.983     0.864     0.287     0.079     0.059
RUS  1987     2.173     0.979     0.809     0.260     0.071     0.055
RUS  1988     1.959     0.946     0.694     0.209     0.058     0.052
RUS  1989     1.787     0.893     0.619     0.175     0.053     0.048
RUS  1990     1.714     0.913     0.555     0.156     0.049     0.042
RUS  1991     1.645     0.932     0.487     0.140     0.043     0.042
RUS  1992     1.499     0.873     0.436     0.118     0.039     0.033
RUS  1993     1.358     0.790     0.417     0.099     0.030     0.021
RUS  1994     1.522     0.891     0.469     0.110     0.031     0.022
RUS  1995     1.627     0.974     0.475     0.123     0.033     0.023
RUS  1996     1.525     0.888     0.462     0.120     0.035     0.021
RUS  1997     1.445     0.808     0.467     0.115     0.034     0.021
RUS  1998     1.500     0.855     0.466     0.120     0.035     0.023
RUS  1999     1.439     0.857     0.417     0.113     0.032     0.021
RUS  2000     1.509     0.863     0.480     0.119     0.030     0.018
RUS  2001     1.472     0.808     0.503     0.111     0.031     0.019
RUS  2002     1.483     0.823     0.494     0.115     0.030     0.021
RUS  2003     1.534     0.856     0.506     0.120     0.032     0.020
RUS  2004     1.552     0.884     0.498     0.117     0.033     0.020
RUS  2005     1.472     0.846     0.468     0.110     0.030     0.018
RUS  2006     1.466     0.851     0.461     0.109     0.029     0.016
RUS  2007     1.611     0.862     0.546     0.144     0.038     0.022
RUS  2008     1.779     0.945     0.607     0.165     0.040     0.021
RUS  2009     1.880     1.043     0.611     0.167     0.039     0.020
RUS  2010     1.696     0.889     0.576     0.167     0.041     0.021
RUS  2011     1.580     0.804     0.553     0.163     0.040     0.021
RUS  2012     1.798     0.917     0.622     0.191     0.046     0.024
RUS  2013     1.848     0.951     0.628     0.198     0.047     0.024
SVK  1951     3.255     1.004     0.864     0.531     0.322     0.535
SVK  1952     3.383     1.000     0.918     0.580     0.350     0.534
SVK  1953     3.235     0.944     0.823     0.584     0.342     0.542
SVK  1954     3.188     0.863     0.830     0.604     0.347     0.544
SVK  1955     3.071     0.843     0.806     0.573     0.328     0.521
SVK  1956     3.020     0.909     0.755     0.531     0.328     0.497
SVK  1957     3.065     0.916     0.788     0.518     0.338     0.506
SVK  1958     2.853     0.854     0.780     0.481     0.283     0.456
SVK  1959     2.769     0.882     0.758     0.451     0.283     0.394
SVK  1960     2.904     0.882     0.847     0.515     0.264     0.396
SVK  1961     2.866     0.935     0.808     0.529     0.232     0.363
SVK  1962     2.803     0.922     0.783     0.477     0.281     0.340
SVK  1963     3.021     0.897     0.890     0.563     0.302     0.369
SVK  1964     2.901     0.909     0.842     0.520     0.259     0.370
SVK  1965     2.721     0.886     0.803     0.453     0.243     0.335
SVK  1966     2.651     0.844     0.795     0.454     0.232     0.327
SVK  1967     2.486     0.806     0.740     0.421     0.214     0.306
SVK  1968     2.390     0.812     0.706     0.388     0.196     0.287
SVK  1969     2.560     0.907     0.761     0.409     0.206     0.277
SVK  1970     2.628     0.946     0.820     0.422     0.193     0.248
SVK  1971     2.513     0.891     0.805     0.413     0.166     0.237
SVK  1972     2.435     0.867     0.769     0.409     0.183     0.206
SVK  1973     2.498     0.846     0.853     0.411     0.191     0.197
SVK  1974     2.512     0.907     0.841     0.426     0.164     0.173
SVK  1975     2.467     0.936     0.792     0.421     0.151     0.167
SVK  1976     2.478     0.920     0.816     0.414     0.160     0.167
SVK  1977     2.382     0.910     0.794     0.400     0.151     0.127
SVK  1978     2.336     0.927     0.788     0.386     0.132     0.104
SVK  1979     2.299     0.944     0.792     0.352     0.118     0.094
SVK  1980     2.265     0.933     0.765     0.340     0.125     0.101
SVK  1981     2.250     0.872     0.781     0.375     0.122     0.100
SVK  1982     2.208     0.875     0.785     0.360     0.109     0.079
SVK  1983     2.221     0.902     0.780     0.337     0.118     0.085
SVK  1984     2.196     0.902     0.755     0.338     0.124     0.077
SVK  1985     2.258     0.916     0.802     0.341     0.126     0.074
SVK  1986     2.239     0.908     0.813     0.340     0.104     0.074
SVK  1987     2.207     0.929     0.780     0.334     0.096     0.068
SVK  1988     2.189     0.920     0.779     0.307     0.107     0.077
SVK  1989     2.094     0.884     0.738     0.303     0.106     0.064
SVK  1990     2.058     0.832     0.717     0.330     0.118     0.062
SVK  1991     2.050     0.865     0.691     0.307     0.110     0.078
SVK  1992     2.104     0.894     0.731     0.312     0.096     0.070
SVK  1993     2.139     0.905     0.758     0.309     0.102     0.064
SVK  1994     1.965     0.838     0.700     0.265     0.091     0.072
SVK  1995     1.777     0.770     0.641     0.217     0.088     0.061
SVK  1996     1.775     0.748     0.627     0.238     0.089     0.072
SVK  1997     1.842     0.752     0.639     0.272     0.093     0.086
SVK  1998     1.771     0.748     0.610     0.243     0.091     0.078
SVK  1999     1.767     0.803     0.575     0.223     0.087     0.080
SVK  2000     1.658     0.761     0.538     0.192     0.076     0.091
SVK  2001     1.518     0.699     0.504     0.165     0.069     0.082
SVK  2002     1.615     0.789     0.516     0.167     0.064     0.078
SVK  2003     1.622     0.787     0.525     0.176     0.054     0.080
SVK  2004     1.696     0.873     0.513     0.177     0.058     0.076
SVK  2005     1.714     0.831     0.565     0.171     0.069     0.078
SVK  2006     1.680     0.791     0.577     0.175     0.058     0.079
SVK  2007     1.689     0.799     0.572     0.193     0.053     0.072
SVK  2008     1.745     0.892     0.546     0.185     0.057     0.065
SVK  2009     1.822     0.987     0.548     0.165     0.052     0.070
SVK  2010     1.905     1.091     0.536     0.163     0.049     0.066
SVK  2011     1.763     0.945     0.531     0.176     0.046     0.065
SVK  2012     1.591     0.792     0.526     0.161     0.056     0.056
SVK  2013     1.594     0.833     0.497     0.146     0.064     0.053
SVN  1984     1.837     0.928     0.685     0.172     0.033     0.019
SVN  1985     1.814     0.909     0.698     0.159     0.034     0.013
SVN  1986     1.718     0.838     0.688     0.145     0.032     0.015
SVN  1987     1.788     0.867     0.710     0.159     0.034     0.018
SVN  1988     1.856     0.940     0.697     0.163     0.043     0.012
SVN  1989     1.769     0.908     0.642     0.161     0.049     0.010
SVN  1990     1.789     0.902     0.682     0.154     0.027     0.024
SVN  1991     1.725     0.845     0.660     0.174     0.025     0.021
SVN  1992     1.725     0.924     0.577     0.169     0.044     0.010
SVN  1993     1.775     0.876     0.694     0.157     0.034     0.013
SVN  1994     1.678     0.795     0.693     0.149     0.028     0.014
SVN  1995     1.706     0.842     0.658     0.160     0.036     0.010
SVN  1996     1.724     0.864     0.647     0.167     0.030     0.015
SVN  1997     1.753     0.880     0.634     0.188     0.032     0.019
SVN  1998     1.662     0.864     0.594     0.166     0.026     0.012
SVN  1999     1.575     0.883     0.528     0.126     0.025     0.014
SVN  2000     1.653     0.877     0.605     0.130     0.031     0.010
SVN  2001     1.745     0.927     0.585     0.178     0.041     0.015
SVN  2002     1.644     0.873     0.554     0.158     0.044     0.015
SVN  2003     1.477     0.709     0.585     0.140     0.023     0.020
SVN  2004     1.604     0.780     0.596     0.164     0.023     0.042
SVN  2005     1.604     0.823     0.563     0.160     0.049     0.009
SVN  2006     1.592     0.819     0.561     0.153     0.047     0.011
SVN  2007     1.634     0.790     0.628     0.170     0.027     0.019
SVN  2008     1.710     0.826     0.641     0.190     0.038     0.015
SVN  2009     1.665     0.854     0.589     0.165     0.038     0.019
SVN  2010     1.725     0.886     0.612     0.168     0.043     0.016
SVN  2011     1.621     0.794     0.613     0.147     0.048     0.019
SVN  2012     1.618     0.826     0.594     0.149     0.034     0.016
SVN  2013     1.609     0.858     0.544     0.165     0.034     0.009
SVN  2014     1.650     0.869     0.585     0.155     0.024     0.017
SVN  2015     1.692     0.868     0.637     0.141     0.029     0.018
SVN  2016     1.617     0.793     0.618     0.157     0.035     0.014
ESP  1976     2.674     0.919     0.818     0.471     0.231     0.236
ESP  1977     2.583     0.909     0.792     0.447     0.221     0.214
ESP  1978     2.524     0.910     0.776     0.442     0.211     0.185
ESP  1979     2.578     1.044     0.801     0.392     0.192     0.149
ESP  1980     2.574     1.190     0.761     0.344     0.155     0.124
ESP  1981     2.306     1.032     0.700     0.328     0.132     0.115
ESP  1982     2.182     0.932     0.701     0.312     0.133     0.104
ESP  1983     2.050     0.851     0.680     0.302     0.124     0.093
ESP  1984     2.041     0.862     0.674     0.309     0.111     0.085
ESP  1985     1.939     0.864     0.639     0.271     0.095     0.070
ESP  1986     1.863     0.845     0.640     0.238     0.083     0.056
ESP  1987     1.754     0.808     0.608     0.216     0.076     0.045
ESP  1988     1.774     0.883     0.598     0.191     0.065     0.038
ESP  1989     1.803     0.947     0.600     0.173     0.053     0.030
ESP  1990     1.794     0.959     0.592     0.170     0.047     0.026
ESP  1991     1.847     1.031     0.601     0.152     0.040     0.023
ESP  1992     1.800     0.999     0.614     0.135     0.034     0.018
ESP  1993     1.726     0.947     0.600     0.131     0.030     0.018
ESP  1994     1.629     0.880     0.581     0.124     0.028     0.017
ESP  1995     1.476     0.711     0.589     0.133     0.028     0.015
ESP  1996     1.464     0.660     0.622     0.141     0.028     0.013
ESP  1997     1.482     0.745     0.584     0.117     0.024     0.012
ESP  1998     1.365     0.681     0.535     0.113     0.022     0.014
ESP  1999     1.338     0.684     0.520     0.103     0.019     0.011
ESP  2000     1.309     0.694     0.493     0.095     0.017     0.010
ESP  2001     1.305     0.703     0.483     0.091     0.018     0.010
ESP  2002     1.344     0.747     0.477     0.091     0.019     0.009
ESP  2003     1.368     0.764     0.480     0.095     0.018     0.010
ESP  2004     1.367     0.762     0.479     0.097     0.018     0.011
ESP  2005     1.352     0.750     0.484     0.091     0.018     0.010
ESP  2006     1.313     0.749     0.455     0.084     0.017     0.008
ESP  2007     1.299     0.746     0.435     0.087     0.020     0.010
ESP  2008     1.579     0.909     0.536     0.099     0.022     0.012
ESP  2009     1.702     1.030     0.539     0.101     0.021     0.011
ESP  2010     1.709     1.002     0.558     0.111     0.026     0.012
ESP  2011     1.637     0.926     0.564     0.112     0.023     0.011
ESP  2012     1.504     0.844     0.529     0.100     0.020     0.011
ESP  2013     1.439     0.820     0.498     0.093     0.020     0.009
ESP  2014     1.466     0.825     0.506     0.104     0.022     0.010
ESP  2015     1.460     0.810     0.508     0.109     0.023     0.010
SWE  1971     1.921     0.822     0.687     0.266     0.092     0.054
SWE  1972     1.918     0.836     0.693     0.255     0.087     0.048
SWE  1973     1.893     0.846     0.676     0.250     0.084     0.037
SWE  1974     1.959     0.917     0.675     0.264     0.067     0.036
SWE  1975     2.025     0.975     0.683     0.268     0.062     0.037
SWE  1976     1.948     0.916     0.692     0.247     0.064     0.029
SWE  1977     1.872     0.868     0.705     0.222     0.056     0.022
SWE  1978     1.931     0.844     0.772     0.235     0.056     0.024
SWE  1979     1.973     0.840     0.761     0.278     0.067     0.028
SWE  1980     1.917     0.822     0.725     0.274     0.070     0.026
SWE  1981     1.883     0.801     0.711     0.276     0.070     0.025
SWE  1982     1.880     0.836     0.674     0.283     0.062     0.025
SWE  1983     1.894     0.848     0.666     0.288     0.066     0.026
SWE  1984     1.878     0.792     0.700     0.288     0.071     0.027
SWE  1985     1.889     0.771     0.708     0.307     0.078     0.025
SWE  1986     1.997     0.819     0.721     0.342     0.087     0.028
SWE  1987     1.964     0.811     0.706     0.329     0.084     0.033
SWE  1988     2.021     0.848     0.705     0.334     0.100     0.035
SWE  1989     2.060     0.883     0.700     0.340     0.102     0.035
SWE  1990     2.251     0.996     0.751     0.357     0.105     0.041
SWE  1991     2.395     1.111     0.778     0.349     0.104     0.052
SWE  1992     2.358     1.068     0.804     0.330     0.108     0.048
SWE  1993     2.304     0.966     0.830     0.340     0.114     0.053
SWE  1994     2.221     0.866     0.868     0.332     0.103     0.052
SWE  1995     2.089     0.813     0.822     0.321     0.091     0.042
SWE  1996     1.929     0.784     0.744     0.279     0.079     0.043
SWE  1997     1.869     0.788     0.701     0.261     0.076     0.043
SWE  1998     1.828     0.779     0.673     0.260     0.074     0.042
SWE  1999     1.701     0.695     0.648     0.253     0.069     0.037
SWE  2000     1.839     0.804     0.640     0.272     0.079     0.043
SWE  2001     1.875     0.868     0.644     0.254     0.074     0.036
SWE  2002     1.943     0.914     0.680     0.245     0.067     0.036
SWE  2003     2.041     0.982     0.699     0.251     0.070     0.039
SWE  2004     1.978     0.901     0.720     0.249     0.070     0.038
SWE  2005     1.955     0.868     0.730     0.253     0.075     0.031
SWE  2006     2.023     0.892     0.757     0.265     0.071     0.038
SWE  2007     1.940     0.862     0.725     0.247     0.067     0.038
SWE  2008     2.016     0.931     0.725     0.258     0.069     0.032
SWE  2009     2.078     0.962     0.758     0.260     0.063     0.037
SWE  2010     2.074     0.953     0.754     0.267     0.062     0.039
SWE  2011     1.995     0.905     0.728     0.258     0.066     0.038
SWE  2012     1.980     0.897     0.743     0.240     0.066     0.034
SWE  2013     1.921     0.871     0.714     0.240     0.063     0.033
SWE  2014     1.889     0.830     0.698     0.254     0.066     0.040
SWE  2015     1.903     0.795     0.718     0.271     0.071     0.049
SWE  2016     1.958     0.814     0.721     0.280     0.086     0.057
SWE  2017     1.857     0.784     0.661     0.282     0.083     0.046
CHE  1999     1.641     0.793     0.582     0.194     0.049     0.022
CHE  2000     1.832     0.888     0.642     0.224     0.057     0.022
CHE  2001     1.645     0.809     0.575     0.200     0.047     0.014
CHE  2002     1.585     0.781     0.572     0.172     0.044     0.016
CHE  2003     1.648     0.848     0.573     0.176     0.040     0.012
CHE  2004     1.707     0.889     0.582     0.180     0.040     0.015
CHE  2005     1.665     0.854     0.570     0.184     0.040     0.017
CHE  2006     1.679     0.874     0.569     0.187     0.038     0.011
CHE  2007     1.706     0.874     0.612     0.167     0.039     0.014
CHE  2008     1.753     0.869     0.654     0.175     0.042     0.013
CHE  2009     1.740     0.875     0.632     0.181     0.043     0.009
CHE  2010     1.742     0.901     0.618     0.177     0.036     0.009
CHE  2011     1.730     0.872     0.627     0.182     0.038     0.011
CHE  2012     1.670     0.849     0.599     0.172     0.040     0.011
CHE  2013     1.712     0.881     0.604     0.181     0.035     0.011
CHE  2014     1.731     0.857     0.633     0.191     0.038     0.013
CHE  2015     1.638     0.797     0.622     0.170     0.038     0.012
CHE  2016     1.649     0.807     0.621     0.172     0.038     0.012
CHE  2017     1.659     0.843     0.589     0.176     0.040     0.011
TWN  1977     2.760     0.938     0.776     0.507     0.288     0.250
TWN  1978     2.906     0.997     0.893     0.559     0.255     0.202
TWN  1979     2.834     0.978     0.886     0.562     0.230     0.177
TWN  1980     2.794     0.933     0.916     0.582     0.224     0.139
TWN  1981     2.762     0.969     0.881     0.587     0.216     0.109
TWN  1982     2.664     0.984     0.848     0.547     0.195     0.091
TWN  1983     2.552     0.962     0.851     0.495     0.172     0.073
TWN  1984     2.478     0.936     0.881     0.432     0.160     0.068
TWN  1985     2.319     0.865     0.845     0.408     0.138     0.063
TWN  1986     2.037     0.808     0.714     0.356     0.111     0.048
TWN  1987     2.053     0.821     0.746     0.361     0.095     0.031
TWN  1988     2.319     0.846     0.839     0.481     0.121     0.033
TWN  1989     2.042     0.819     0.712     0.384     0.094     0.033
TWN  1990     2.053     0.846     0.733     0.368     0.082     0.024
TWN  1991     1.978     0.802     0.709     0.363     0.081     0.023
TWN  1992     1.974     0.867     0.690     0.324     0.070     0.024
TWN  1993     2.027     0.909     0.700     0.329     0.071     0.017
TWN  1994     2.052     0.928     0.723     0.323     0.065     0.014
TWN  1995     1.999     0.903     0.725     0.300     0.056     0.014
TWN  1996     2.029     0.903     0.753     0.305     0.054     0.014
TWN  1997     2.123     0.933     0.800     0.322     0.054     0.014
TWN  1998     1.798     0.874     0.623     0.246     0.046     0.010
TWN  1999     1.811     0.851     0.684     0.228     0.040     0.008
TWN  2000     1.863     0.796     0.725     0.278     0.053     0.011
TWN  2001     1.563     0.762     0.558     0.203     0.033     0.008
TWN  2002     1.584     0.824     0.553     0.170     0.031     0.007
TWN  2003     1.513     0.795     0.540     0.144     0.027     0.006
TWN  2004     1.486     0.780     0.546     0.133     0.021     0.007
TWN  2005     1.554     0.824     0.578     0.126     0.020     0.006
TWN  2006     1.668     0.959     0.565     0.120     0.018     0.006
TWN  2007     1.602     0.871     0.584     0.119     0.021     0.007
TWN  2008     1.543     0.833     0.560     0.124     0.021     0.006
TWN  2009     1.559     0.801     0.609     0.125     0.018     0.006
TWN  2010     1.228     0.643     0.460     0.100     0.017     0.007
TWN  2011     1.287     0.700     0.465     0.098     0.018     0.006
TWN  2012     1.536     0.810     0.574     0.127     0.020     0.006
TWN  2013     1.260     0.678     0.452     0.106     0.017     0.006
UKR  1960     2.008     0.918     0.626     0.261     0.104     0.099
UKR  1961     2.139     0.857     0.829     0.262     0.095     0.096
UKR  1962     2.180     0.965     0.747     0.274     0.099     0.094
UKR  1963     2.062     0.993     0.645     0.251     0.094     0.080
UKR  1964     2.114     1.050     0.673     0.235     0.083     0.073
UKR  1965     1.916     0.901     0.642     0.226     0.079     0.068
UKR  1966     1.957     0.918     0.654     0.229     0.083     0.072
UKR  1967     1.892     0.902     0.642     0.212     0.070     0.065
UKR  1968     1.918     0.919     0.657     0.209     0.069     0.065
UKR  1969     1.880     0.878     0.697     0.187     0.064     0.055
UKR  1970     1.977     0.904     0.750     0.200     0.065     0.057
UKR  1971     2.053     0.982     0.721     0.225     0.064     0.060
UKR  1972     2.129     1.117     0.685     0.213     0.060     0.054
UKR  1973     1.906     1.002     0.612     0.181     0.059     0.051
UKR  1974     1.805     0.913     0.608     0.169     0.061     0.055
UKR  1975     1.829     0.920     0.628     0.176     0.054     0.051
UKR  1976     1.855     0.946     0.638     0.173     0.050     0.048
UKR  1977     1.807     0.910     0.637     0.159     0.052     0.048
UKR  1978     1.781     0.917     0.629     0.143     0.046     0.046
UKR  1979     1.816     0.957     0.637     0.141     0.041     0.040
UKR  1980     1.860     0.979     0.652     0.147     0.041     0.043
UKR  1981     1.779     0.903     0.644     0.147     0.042     0.042
UKR  1982     1.811     0.923     0.660     0.145     0.046     0.037
UKR  1983     1.992     0.947     0.782     0.181     0.044     0.038
UKR  1984     1.941     0.968     0.715     0.177     0.042     0.039
UKR  1985     2.001     0.987     0.738     0.185     0.049     0.041
UKR  1986     2.096     0.980     0.804     0.209     0.057     0.046
UKR  1987     1.990     0.973     0.754     0.175     0.047     0.042
UKR  1988     1.943     0.981     0.713     0.163     0.044     0.042
UKR  1989     1.742     0.904     0.619     0.140     0.040     0.039
UKR  1990     1.672     0.917     0.560     0.127     0.034     0.034
UKR  1991     1.651     0.930     0.525     0.128     0.037     0.031
UKR  1992     1.605     0.908     0.508     0.120     0.036     0.033
UKR  1993     1.566     0.881     0.504     0.114     0.034     0.033
UKR  1994     1.473     0.854     0.460     0.103     0.031     0.026
UKR  1995     1.420     0.839     0.434     0.096     0.028     0.024
UKR  1996     1.469     0.878     0.437     0.098     0.029     0.025
UKR  1997     1.465     0.874     0.434     0.100     0.030     0.026
UKR  1998     1.428     0.861     0.417     0.095     0.029     0.026
UKR  1999     1.367     0.808     0.415     0.092     0.026     0.026
UKR  2000     1.396     0.811     0.441     0.096     0.025     0.024
UKR  2001     1.345     0.766     0.446     0.086     0.026     0.021
UKR  2002     1.371     0.762     0.474     0.090     0.025     0.020
UKR  2003     1.465     0.819     0.501     0.099     0.025     0.022
UKR  2004     1.492     0.862     0.488     0.093     0.027     0.022
UKR  2005     1.403     0.815     0.449     0.091     0.026     0.022
UKR  2006     1.469     0.822     0.489     0.104     0.029     0.025
UKR  2007     1.492     0.824     0.511     0.104     0.029     0.023
UKR  2008     1.619     0.890     0.549     0.123     0.031     0.025
UKR  2009     1.660     0.937     0.529     0.132     0.035     0.028
UKR  2010     1.580     0.847     0.528     0.137     0.038     0.030
UKR  2011     1.564     0.778     0.560     0.154     0.041     0.031
UKR  2012     1.625     0.828     0.560     0.162     0.043     0.033
GBR_NP  2014     2.153     0.842     0.790     0.330     0.118     0.073
GBR_NP  2015     2.142     0.810     0.811     0.321     0.125     0.075
GBRTENW  2014     2.184     0.827     0.816     0.341     0.123     0.077
GBRTENW  2015     2.187     0.808     0.840     0.332     0.129     0.079
GBR_SCO  2014     1.800     0.982     0.535     0.197     0.055     0.032
GBR_SCO  2015     1.656     0.793     0.559     0.189     0.080     0.036
GBR_NIR  1998     1.998     0.759     0.610     0.392     0.142     0.096
GBR_NIR  1999     2.044     0.818     0.630     0.351     0.163     0.081
GBR_NIR  2000     2.093     0.926     0.646     0.299     0.151     0.071
GBR_NIR  2001     2.207     0.945     0.736     0.321     0.111     0.094
GBR_NIR  2002     2.073     0.885     0.675     0.324     0.113     0.076
GBR_NIR  2003     2.170     0.970     0.694     0.321     0.120     0.066
GBR_NIR  2004     2.166     0.906     0.743     0.345     0.123     0.049
GBR_NIR  2005     1.970     0.812     0.657     0.325     0.129     0.048
GBR_NIR  2006     2.119     0.941     0.679     0.314     0.113     0.072
GBR_NIR  2007     2.153     0.949     0.675     0.347     0.117     0.065
GBR_NIR  2008     2.145     0.878     0.718     0.367     0.123     0.059
GBR_NIR  2009     2.169     0.972     0.709     0.332     0.102     0.054
GBR_NIR  2010     2.160     0.940     0.705     0.345     0.120     0.050
GBR_NIR  2011     2.216     0.975     0.696     0.353     0.143     0.050
GBR_NIR  2012     2.305     1.054     0.760     0.320     0.116     0.053
GBR_NIR  2013     2.137     0.867     0.779     0.318     0.116     0.055
GBR_NIR  2014     2.206     0.910     0.766     0.342     0.129     0.059
GBR_NIR  2015     2.217     0.951     0.726     0.364     0.119     0.056
USA  1934     2.101     0.654     0.477     0.304     0.197     0.469
USA  1935     2.098     0.741     0.444     0.289     0.187     0.437
USA  1936     2.011     0.740     0.435     0.262     0.176     0.398
USA  1937     2.060     0.762     0.478     0.258     0.172     0.391
USA  1938     2.170     0.831     0.522     0.272     0.170     0.375
USA  1939     2.107     0.844     0.520     0.262     0.151     0.329
USA  1940     2.158     0.828     0.563     0.283     0.157     0.327
USA  1941     2.331     0.887     0.609     0.322     0.177     0.336
USA  1942     2.615     1.012     0.704     0.373     0.192     0.334
USA  1943     2.814     0.907     0.873     0.456     0.226     0.353
USA  1944     3.071     0.840     0.997     0.582     0.265     0.387
USA  1945     2.638     0.894     0.654     0.475     0.245     0.369
USA  1946     2.507     0.964     0.603     0.370     0.227     0.343
USA  1947     2.493     0.959     0.637     0.357     0.213     0.327
USA  1948     2.400     0.917     0.649     0.347     0.186     0.301
USA  1949     2.646     0.932     0.798     0.394     0.204     0.318
USA  1950     2.737     0.851     0.870     0.466     0.227     0.322
USA  1951     2.988     0.946     0.889     0.563     0.262     0.328
USA  1952     3.066     0.939     0.862     0.614     0.309     0.342
USA  1953     3.038     0.892     0.850     0.594     0.334     0.368
USA  1954     3.150     0.935     0.848     0.610     0.352     0.405
USA  1955     3.125     0.905     0.816     0.610     0.356     0.437
USA  1956     3.259     0.930     0.843     0.625     0.382     0.479
USA  1957     3.390     0.987     0.854     0.645     0.399     0.505
USA  1958     3.353     0.948     0.839     0.634     0.398     0.534
USA  1959     3.423     0.924     0.864     0.642     0.417     0.577
USA  1960     3.496     0.906     0.883     0.677     0.429     0.602
USA  1961     3.490     0.888     0.846     0.682     0.441     0.633
USA  1962     3.483     0.865     0.825     0.673     0.457     0.662
USA  1963     3.644     0.927     0.841     0.694     0.476     0.705
USA  1964     3.640     0.926     0.828     0.687     0.470     0.729
USA  1965     3.298     0.819     0.755     0.614     0.426     0.685
USA  1966     2.958     0.821     0.688     0.518     0.360     0.571
USA  1967     2.822     0.860     0.706     0.465     0.303     0.487
USA  1968     2.662     0.871     0.711     0.428     0.258     0.393
USA  1969     2.507     0.803     0.692     0.422     0.247     0.342
USA  1970     2.535     0.858     0.691     0.412     0.237     0.336
USA  1971     2.460     0.800     0.709     0.400     0.223     0.329
USA  1972     2.230     0.756     0.674     0.349     0.188     0.264
USA  1973     2.065     0.811     0.613     0.295     0.152     0.194
USA  1974     2.026     0.835     0.618     0.283     0.131     0.160
USA  1975     1.995     0.826     0.629     0.286     0.120     0.135
USA  1976     1.957     0.823     0.620     0.285     0.116     0.114
USA  1977     1.967     0.828     0.638     0.288     0.111     0.102
USA  1978     1.930     0.814     0.632     0.285     0.106     0.091
USA  1979     1.939     0.813     0.635     0.295     0.110     0.086
USA  1980     1.999     0.867     0.644     0.299     0.109     0.081
USA  1981     2.009     0.876     0.645     0.300     0.110     0.077
USA  1982     1.998     0.858     0.662     0.295     0.109     0.074
USA  1983     1.991     0.854     0.675     0.290     0.101     0.070
USA  1984     1.961     0.835     0.667     0.290     0.103     0.067
USA  1985     1.970     0.840     0.664     0.296     0.104     0.065
USA  1986     1.994     0.867     0.661     0.300     0.102     0.064
USA  1987     1.989     0.864     0.654     0.304     0.104     0.063
USA  1988     1.952     0.831     0.645     0.306     0.106     0.063
USA  1989     1.998     0.846     0.656     0.315     0.113     0.068
USA  1990     2.038     0.853     0.665     0.324     0.122     0.074
USA  1991     2.067     0.871     0.663     0.327     0.126     0.079
USA  1992     2.181     0.891     0.712     0.357     0.135     0.086
USA  1993     2.224     0.872     0.737     0.380     0.145     0.090
USA  1994     2.252     0.919     0.729     0.368     0.142     0.095
USA  1995     2.215     0.982     0.691     0.330     0.127     0.085
USA  1996     2.178     0.987     0.674     0.317     0.121     0.079
USA  1997     2.141     0.940     0.679     0.321     0.121     0.080
USA  1998     2.187     0.928     0.716     0.336     0.126     0.082
USA  1999     2.260     0.956     0.737     0.353     0.132     0.082
USA  2000     2.335     0.973     0.756     0.377     0.140     0.087
USA  2001     2.328     0.953     0.769     0.378     0.141     0.087
USA  2002     2.387     0.994     0.778     0.384     0.145     0.087
USA  2003     2.309     0.938     0.747     0.388     0.147     0.089
USA  2004     2.148     0.823     0.709     0.376     0.149     0.091
USA  2005     2.065     0.783     0.677     0.363     0.149     0.093
USA  2006     2.119     0.818     0.680     0.372     0.152     0.097
USA  2007     2.242     0.884     0.710     0.388     0.159     0.101
USA  2008     2.295     0.921     0.721     0.388     0.161     0.104
USA  2009     2.355     0.960     0.745     0.382     0.160     0.108
USA  2010     2.333     0.968     0.729     0.374     0.157     0.106
USA  2011     2.207     0.910     0.688     0.354     0.152     0.103
USA  2012     2.171     0.897     0.678     0.345     0.148     0.103
USA  2013     2.195     0.923     0.674     0.346     0.147     0.105
USA  2014     2.165     0.882     0.671     0.352     0.152     0.108
USA  2015     2.142     0.840     0.681     0.359     0.154     0.108
USA  2016     2.078     0.806     0.667     0.347     0.149     0.109
